2.334192253013512186e+02,1.016449062697862438e+01,3.774664186985380310e-01
1.665269232343969952e-01,4.118978811004113894e+00,1.586326750054556385e+02
2.041520398209807183e+02,7.328554626199336042e+01,7.778403642276034147e-02
3.962654619698942327e+01,9.158005109414386880e+01,2.367032143101056363e+00
4.074835186004500898e+00,1.126737787885977582e+01,8.651691815119326634e+01
5.481476592459578256e+01,2.938053539726264063e+01,6.281097390529451374e+00
3.851838280131774894e+01,5.985107117433702228e+01,1.504829919539510108e+01
6.651507674958750727e+01,1.319423229321296276e+02,2.757231570336084459e-01
5.640162074680342030e+00,1.918128916976164646e+02,9.731807786198549692e-01
4.190505324974617452e+01,2.246097159334759041e+01,6.990744982460503465e+00
7.574526544962209229e+00,1.008221233299740902e+02,2.369240478749738976e+00
4.750236626370182846e-02,1.479111609409826826e+02,6.279071469642229886e+01
1.690608912959367842e+02,8.262022387737228968e+00,5.365880874928876665e-01
2.452643105918388073e+02,4.600983905843953181e+01,8.166333691582025600e-02
3.178280510202906028e-01,7.861353481278423594e+00,1.374427047247194764e+02
1.061632935776041933e+02,2.518380335064702891e+01,3.974629452807274532e-01
6.941273358860432552e+01,4.872621333470799243e+01,3.574944166611693785e-01
8.963262292362864514e+01,2.744724584800739819e+01,3.542895927153636992e-01
1.176391301767702346e+00,1.660201978817588611e+02,2.916240108299114198e+01
6.087803976421675423e-02,1.895598523944960618e+02,1.926891932787976103e+00
1.113661233355389868e+02,1.868679567353829896e+00,2.613432446583261637e+01
6.652766008536329423e+01,1.467278862703548725e+01,2.439733554897885348e+00
5.032628010858478440e+00,1.660561823957735328e+02,1.162183973857504959e+01
7.715655955823366696e+01,3.101750933646361563e+00,1.072383176039259567e+01
4.648780252016289638e-01,7.412379424998644106e-01,1.152629240671476225e+02
6.762403988812437206e+00,2.447887488805558931e+01,1.910859220196524788e+01
3.831528263603099393e+00,1.303041483793726627e+02,2.795040456598627898e+01
2.116961359633978468e+00,7.199447012815227254e+01,5.154706504971471048e+01
4.151048015322290063e-01,1.463082991425324719e+00,1.794897196959164489e+02
8.041503013281493806e-02,1.797772762824738413e+00,1.794897196959164489e+02
1.569307139040845511e+00,4.339310852202406643e+00,9.979302235750020600e+01
6.932579972570470685e-03,1.932634242630675665e-03,2.054663890600135403e+02
1.217892357800555603e+00,4.690725633442696996e+00,9.979302235750020600e+01
3.191959640750877680e-01,5.589422027168164497e+00,9.979302235750020600e+01
7.484419501879878922e+00,2.709246133465843798e+01,1.577299024229495927e+01
2.107513160765750015e+01,1.602837701744794230e-01,9.339611398929746144e+01
4.497707892611048308e+00,3.420664656296970585e-02,1.100996148279554205e+02
1.359711939967975809e+02,1.125085504982632756e+02,3.452207865313181578e-01
1.127646267253461048e+02,1.565242649403482744e+02,2.400455396460912660e-01
6.957801478155614561e+00,1.452582867651678953e+02,2.516141605411543747e-01
3.655821169770166534e+01,2.780380265627999115e-01,5.071781076111313524e+01
1.404614691435249085e+02,1.068258754331588234e+00,3.754862898976892893e+01
3.631368667171024356e+00,1.314500278645659925e+01,3.357349962520564901e+01
7.694477642114057048e+00,6.897827151674506219e+00,3.238764797998160816e+01
8.320859114345672936e+00,6.271445679442889443e+00,3.238764797998160816e+01
8.600779881098538984e-03,4.772182025364655827e-04,2.103980164337051804e+02
3.330090217130941138e-02,8.236848899074122876e-01,1.861466432517665908e+02
2.222379072408857958e-01,6.658982847154124585e-01,1.929128492107896307e+02
2.634071348511278643e+02,7.839994279617307882e+00,4.203346764172352645e-01
5.396817747450882718e-02,1.680441715221097922e+02,5.693985009976213263e+01
3.329544871037558664e+02,2.639383811829362769e-02,5.069068306811247204e+00
4.297344212180560508e-01,2.685431902204784116e+00,1.153112835722955509e+02
1.010924650647003276e+01,9.265099333313892771e+01,2.246044689710722686e+00
2.112470974710554401e+02,2.705076779419341619e+02,6.729561731828904991e-03
1.329599145906667843e+02,1.053994644269390379e-02,9.073755025197387170e+01
5.013621948148293761e+00,7.790323015575203236e+00,2.809325274669620143e+01
2.685583983557135568e+00,1.265662908130713937e+01,8.651691815119326634e+01
2.989645519803505636e+02,9.946747746835793436e-01,7.890440927572332785e-02
2.832281685103590121e+02,2.773895139995568471e+01,8.180004051262147746e-02
3.810342661520792484e-01,7.495444055283330442e+01,5.393998719885086501e+01
4.256573291297984785e-01,8.373238263931706626e+01,4.511742204938938272e+01
4.615214951411631183e+00,1.670637683935957440e+01,2.171149287237841818e+01
3.701491227288328679e-03,2.245843416405054249e+00,3.262828752439659183e+02
3.850655859712683732e-02,4.695940462641072486e+02,7.041551799146169799e+01
2.450260707457188256e-02,2.988134702078074270e+02,1.690885710461758720e+02
1.933760694553139672e+02,1.136606038527978590e+00,6.382372033576253045e+00
2.064434934142444433e+02,1.213412403563532971e+00,4.264854364589570679e+00
1.051999540096413810e+01,1.409308794625651728e+02,2.503492579647328964e-01
4.992709815625001823e+01,1.292088253253478456e+02,2.961128191491526063e-01
5.008649681203816613e+02,3.970437221821878498e-02,8.729299459530481808e-01
1.335762418437686279e+02,1.870957978938913246e+00,4.815084268233228215e+00
1.306891682880725227e+02,1.830519700168270258e+00,7.742596102699965677e+00
1.797427608331337412e+00,2.536649895021333521e+02,2.900070617153805985e-01
1.626260417867171952e+02,1.289162809630460364e-02,1.193541676377562410e+01
5.084688416985649440e+01,2.121005017108038544e+02,3.551066834733446740e+02
4.399655083546119982e+01,1.835253164102099106e+02,3.072650272778973317e+02
3.972017539882762804e+01,1.656870281763863773e+02,2.773994903156525993e+02
3.975446460173397156e+01,1.658300606799200239e+02,2.776389607438176768e+02
4.573158179554023661e+01,1.907627497972236768e+02,3.193822120379124385e+02
4.704220090350511896e+01,1.962298098715932611e+02,3.285353708267868456e+02
4.579154750252701689e+01,1.910128881635167204e+02,3.198010031531964046e+02
2.564572922689555057e+01,1.069774898613875962e+02,4.239822197309569560e+02
2.627320558449324750e+01,1.095949177024634054e+02,4.343558307353172268e+02
2.451770079646331268e+01,1.022720806717215396e+02,4.053333447614467673e+02
2.698758958071529435e+01,1.125748683225781264e+02,4.461662226246945693e+02
