1.198645831538046602e-01,6.549310187100287894e-01
3.419008844040875572e-01,4.162678229846989431e-01
3.849252219810213038e-01,3.799855947515874965e-01
3.057920636818356463e-01,4.474300714969635662e-01
5.737458068223778573e-01,2.429537224919591509e-01
4.475389683882748937e-01,3.316248198938909209e-01
3.729338406668159522e-01,3.899605358275923805e-01
7.943655601466337313e-01,1.094811805998837789e-01
8.772793918718557737e-01,6.421544482551620747e-02
8.608117350905801768e-01,7.290572344099098545e-02
1.470984272844316765e-01,6.179353578527493340e-01
2.498635467727465254e-01,5.013035590019402354e-01
3.103250759768044764e-02,8.281647477094516985e-01
9.808106903739857163e-01,1.088076143688170190e-02
4.356853092091295121e-01,3.412807069126261861e-01
5.024636720887802888e-01,2.942388563164408666e-01
1.171296651914877085e-02,8.986972563213947440e-01
2.230974392419488028e-02,8.558060854931768269e-01
3.673218975956060728e-02,8.166354216983744418e-01
2.038464269595893774e-01,5.533955615548717955e-01
1.571231685956701041e-01,6.082545878809442197e-01
7.543210920215657200e-01,1.322458698264926402e-01
6.154350466211339077e-01,2.163085503122570141e-01
7.531612562839731240e-01,1.369748251683176599e-01
2.363606149891602226e-01,5.195429993902317412e-01
2.205048409802557452e-01,5.316471310511708959e-01
1.163841354168750342e-01,6.649451117744971107e-01
4.866523594414736698e-01,3.039482122644149298e-01
1.820564827328683966e-01,5.749276933606337625e-01
9.331084833705721726e-02,6.961771973748196451e-01
4.921984701031757448e-01,3.014730043888991240e-01
6.681830210871424480e-01,1.842668156630024034e-01
8.339081055279774501e-01,8.750306400077835500e-02
7.642416022884588322e-01,1.265055568655207852e-01
9.060692004939954192e-01,4.906742909716314133e-02
6.024775528451924433e-01,2.250873124902716682e-01
4.759875761114824022e-01,3.111008641429314214e-01
5.280646471257345320e-01,2.749217801683372930e-01
2.321849601385346240e-01,5.207770496857326847e-01
2.760116673757819772e-01,4.766889566316189764e-01
7.426555473110535432e-02,7.298984637898514594e-01
5.314667593616817509e-03,9.435042975033876012e-01
5.907499156734963286e-02,7.575840999152710920e-01
6.211003226341504924e-02,7.561414174438356728e-01
5.633166647982312814e-01,2.529377083617056488e-01
7.301713047696233305e-01,1.467816074158964090e-01
6.241519144892830884e-01,2.117645900346052101e-01
7.457031185051359312e-01,1.390295509567061882e-01
8.202868909416575205e-01,9.706753389501185381e-02
8.465435926589576221e-01,8.258090651319334452e-02
2.673109589911746298e-01,4.857280948936420484e-01
6.398178329500674444e-01,2.046575097476439342e-01
4.343026879351298830e-01,3.454983851967293185e-01
8.944673844137192020e-01,5.760864816882347444e-02
5.453746735652829081e-01,2.636828035900874445e-01
6.964206448051359910e-01,1.675849163888307458e-01
7.831273359992909633e-01,1.165914867076397327e-01
8.595843368119870931e-02,7.129643619869543425e-01
4.270769258995779638e-01,3.530142277515245786e-01
9.331035030886338788e-01,4.568446653228889348e-02
9.604586504705896477e-01,2.146367324671551169e-02
6.563242394739535746e-01,1.923776748729778552e-01
5.643283667923892910e-01,2.514777239042190193e-01
7.072085658759387217e-01,1.628032707815277313e-01
2.855009724122767323e-01,4.707206118585912091e-01
2.738095955454632469e-01,4.818949597758150905e-01
1.999313129723389038e-01,5.584353959268251177e-01
6.779696729588444715e-01,1.790141161659660196e-01
5.147230035199894527e-01,2.851801312624646090e-01
3.510384486731826237e-01,4.100876564787113154e-01
4.109665880697648266e-01,3.611741984301718444e-01
6.891053184107845953e-01,1.706431885509974988e-01
6.891053184107845953e-01,1.706408467893655856e-01
6.891053184107845953e-01,1.706406522634669465e-01
4.725765368722883997e-01,3.135435394450699631e-01
4.725765368722883997e-01,3.135435307605378696e-01
3.308415599910194405e-01,4.260486870720393004e-01
3.308415599910194405e-01,4.260317445043760864e-01
3.308415599910194405e-01,4.260311521806766644e-01
3.308415599910194405e-01,4.260092738953020763e-01
3.308415599910194405e-01,4.260087497844811666e-01
