6.010598405124034649e-02,7.555541243439282129e-01
3.250108772382571676e-01,4.327680739067173432e-01
5.081420211632604600e-01,2.875017738627388963e-01
4.148663214233925811e-01,3.562863671489487905e-01
1.869308418012925466e-01,5.681222370983382008e-01
5.668515790574808477e-01,2.476415718318201731e-01
1.129007107591304959e-01,6.647259601831765341e-01
5.527662175254246524e-01,2.569229861768829726e-01
5.961422539934868592e-03,9.285494708372651340e-01
2.109159785485775762e-02,8.603525610880838892e-01
9.910284843970124102e-01,5.921616679391158121e-03
3.952551120532743489e-02,8.015439969747213400e-01
1.800651790064562441e-01,5.760041657742299703e-01
4.459737701789862063e-02,7.891031747488742587e-01
8.185037365058558390e-01,9.549939582609252853e-02
6.672481309407365391e-01,1.833134745754259054e-01
5.256625687237806988e-01,2.751544224541778716e-01
9.226691055512765693e-01,3.969348063935349002e-02
4.593348483084433997e-01,3.226472131554280476e-01
3.003665623473887880e-01,4.523727679865138240e-01
2.684703057841741902e-03,9.490197670082368697e-01
2.025390350229377967e-01,5.506030186582239194e-01
1.488080736348657007e-01,6.148375479494209150e-01
3.540561318617514441e-01,4.055127911025331877e-01
3.700222743108308454e-01,3.920361036833587276e-01
2.220552271966115265e-01,5.292580538907354359e-01
1.382047416215820834e-01,6.291831472213766929e-01
3.089158477518022528e-02,8.256453051685378464e-01
7.731880366222165790e-01,1.212869019546763683e-01
8.772984255777549478e-01,6.365212889218263559e-02
3.298960664261861297e-01,4.261661537738700711e-01
7.191178746100559405e-01,1.524163877834605330e-01
5.975787444059230680e-01,2.276334926520535151e-01
6.479740276997357773e-01,1.954982176787053161e-01
2.560293822335236724e-01,4.947197352892558908e-01
8.580411265226066675e-01,7.402194286378466215e-02
8.338978448535909749e-01,8.753902350599453153e-02
9.489834475081427856e-01,2.600643064352697875e-02
7.563902425347959202e-01,1.304740872750704272e-01
4.979686385658871339e-02,7.813190741482833879e-01
9.069425138028923694e-01,5.051090633222632409e-02
9.436368323510369027e-01,3.241620551294534247e-02
8.942941765359198047e-01,5.693194998556575653e-02
4.942797065334159634e-01,3.014989218654407499e-01
9.627875303896755721e-01,2.308460437678428942e-02
2.743971496765229556e-01,4.816134370458311498e-01
1.925443100011156039e-01,5.669610353819780624e-01
4.320916541578092018e-01,3.437081890153878549e-01
7.666186383437552099e-01,1.291707179188044674e-01
4.890947463799998340e-01,3.034529163039342836e-01
7.840828508551562770e-01,1.164105162895364420e-01
8.087962262700842953e-02,7.177364244931129234e-01
2.788556530870728856e-01,4.733364415294908922e-01
5.236770281827978213e-01,2.795872025375885084e-01
3.617262830156399711e-01,4.034802161216486938e-01
2.449668622605231660e-01,5.087622233519424331e-01
9.329989698235838791e-01,3.622009281707735256e-02
8.514878955926059589e-01,8.093550500648744039e-02
4.414078133655434666e-01,3.390271624401318129e-01
6.829182853269685216e-01,1.755269180662254180e-01
6.155363492099992229e-01,2.174243412945182918e-01
1.364487664407744716e-01,6.397284367627348312e-01
3.219083407736329505e-01,4.397998709057230893e-01
4.036545401399492805e-01,3.690104333325388564e-01
8.012504082497955427e-01,1.122148918761444736e-01
4.768546634371353954e-01,3.139509463573855741e-01
6.275295408145827869e-01,2.125903201446350810e-01
9.880251964955329980e-01,9.998117697003023815e-03
4.487483363012018667e-01,3.361665247392890965e-01
7.443440731142053624e-01,1.392439670586153588e-01
3.962720699006142544e-01,3.730681819262419152e-01
2.342780514172532191e-01,5.197839569227780121e-01
3.711724329514443088e-02,8.184645725036385766e-01
1.010932211793892366e-01,6.949300493508913101e-01
5.896666309336549006e-01,2.419057118588368860e-01
7.824459643004086917e-01,1.245815181600471167e-01
