1.981011657890579869e+01,2.348301937678512274e+01
3.526802109459600842e+01,1.682416947756377112e+01
3.154537825762325909e+01,1.817193374200691025e+01
2.683999667767835717e+01,2.007674907785744978e+01
8.543333646538093262e+01,6.204835989210501168e+00
7.418487753274254715e+01,7.649549071844199410e+00
1.640033005808820832e+01,2.546493519077582590e+01
1.151106667549206009e+02,4.323911544349406277e+00
7.994382577690104519e-01,4.387830706671833525e+01
1.517181180517529260e+00,4.166988505391563535e+01
4.736476299641566357e+01,1.317739830831769865e+01
2.235408360854559362e+01,2.215684159172310075e+01
1.357267361452075605e+01,2.734301942653236495e+01
3.396537196827291716e+00,3.781938594636267226e+01
5.597468890717784973e+01,1.109085712132184298e+01
2.339860359483492580e+00,3.977195078809484130e+01
1.009911055036784688e+01,3.005434225528421166e+01
6.364108387107953035e+01,9.503162628569874926e+00
7.814160336138068885e+01,7.087394976911139288e+00
5.380219444858946432e+00,3.494379148560638981e+01
1.326805673450158736e+02,4.045777924303721740e+00
3.815749894619837335e+01,1.586118631804535895e+01
1.218500408320925885e+02,4.148760541344827857e+00
1.000889445412850307e+02,5.006720384534386170e+00
7.660977601087566313e+00,3.236266752121840540e+01
6.870959547210397034e+01,8.565477461799670067e+00
1.054138427295884810e+02,4.706881903121891142e+00
7.339759417367378802e+00,3.270558564500353782e+01
9.306384802082646956e+01,5.500427049758132902e+00
5.220183402715397847e+01,1.198006166528130123e+01
2.454263456498926091e-02,4.894761137725916456e+01
1.188938551633148322e+01,2.860010518442143734e+01
4.075972079840133877e-01,4.561235694507740845e+01
6.009212179415948896e+01,1.042495058770444238e+01
4.084164637478237125e+01,1.506008782294433779e+01
4.703842819465792502e+01,1.369090120644005637e+01
4.500578185634917183e+00,3.621877754978382313e+01
1.318263821176177331e+01,2.770543275973582098e+01
3.792719631568481020e+01,1.608109838143683845e+01
4.354268135810728779e+01,1.422693847974900727e+01
4.525260500488472815e+01,1.387237260497825275e+01
1.448739008991219990e+01,2.703512655355139316e+01
1.625736618449742821e+01,2.610120643325373990e+01
2.472621898558049480e+01,2.102782928910652771e+01
4.886865199473788124e+01,1.298229538158668106e+01
3.633505411302021315e+01,1.680400759588304282e+01
4.957155668149157535e+00,3.576801332561414881e+01
1.690364515133830992e+01,2.532536205189203571e+01
2.657589325893250276e+01,2.079244831802482452e+01
7.039678996404954603e+01,8.361303864207561887e+00
5.926257520135571610e+01,1.049017756249304156e+01
5.839222387617407861e+00,3.446614100551377646e+01
9.578219426640576017e+00,3.117218681358828292e+01
9.469537053516370761e+00,3.192241824034427111e+01
9.818681661706254005e+00,3.047021074645808625e+01
4.137861309944221233e+01,1.503633267677855301e+01
1.255143009545976440e+01,2.828283453922600899e+01
1.817946433050884991e+01,2.463664589392841009e+01
1.855648895249511554e+01,2.455200832238024944e+01
2.897087812876890212e+01,1.930892941378207794e+01
3.158813389003654937e+00,3.873083184360170605e+01
8.522270889718033260e+00,3.206502434433497228e+01
1.953254785055100129e+01,2.417442799993266433e+01
2.177040595746439422e+01,2.255729015591555608e+01
1.488510120983236007e+01,2.677770495680212193e+01
2.302652722857475709e+01,2.192591540271531869e+01
3.799337261952409506e+01,1.598845142368103822e+01
5.479265701403970468e+01,1.164978954631603436e+01
7.157007339716924044e+00,3.431653581890543592e+01
5.730679765910481649e+01,1.088807302955247103e+01
6.134117634151168375e+01,1.023746482559388049e+01
5.790513950184868008e+01,1.069399167543290829e+01
6.800505205620768834e+01,8.986981120593920735e+00
4.589647475033039825e+01,1.377542527024623809e+01
2.396372781628257087e+01,2.166215238904207752e+01
1.579165138945068669e+01,3.020190429485039374e+01
1.679526271801523762e+01,2.817244015075232255e+01
1.181212729422431984e+01,3.046241077186528656e+01
6.761822380039100189e+00,3.387145502250617568e+01
4.362002401710455501e+00,3.639042204675152448e+01
3.563023853523905160e+00,3.791941421903833742e+01
1.155821724520681038e+01,2.986387820958293204e+01
9.522787401633447502e+00,3.116428963469820701e+01
