9.984527603323318790e-01,9.582710585219524901e-01,9.881419698907292215e-01,1.832108512143491019e-01,5.035130898624702311e-01,7.008548896956379171e-01,6.450281341183714545e-01,3.028889735540020722e-01,9.287398568968923129e-01,6.984236241390581190e-01,6.909585534463805745e-01,6.004665244044196104e-01
2.630465006901694380e-02,3.885817300486871240e-02,1.897946839921959006e-01,4.864473942941062723e-01,8.892917170664504933e-01,2.502857674211433903e-03,7.084227274430356935e-01,8.057170928775326812e-01,2.072748778788851554e-01,1.711880263640058741e-02,5.102074311370196069e-01,8.147796437969763161e-01
9.997197126905464915e-01,7.358485297659862479e-01,2.069808605946935609e-01,7.269499223091113738e-01,5.083675954073911818e-01,6.515966364772729502e-02,8.913452037321465404e-01,3.929865770544078152e-01,4.057368745896868800e-01,7.978537703897154998e-01,8.566092109755535366e-02,8.747510993861863371e-01
9.822791957280274655e-01,3.020164154479396124e-01,8.959900037342108936e-01,8.889473547212256577e-01,7.079227265313795536e-01,6.994432233114142861e-01,2.039093663998281514e-01,9.002771748043949529e-01,2.835445620711418147e-01,5.999104595309018295e-01,8.191094597188750548e-01,5.131311477477087379e-01
1.506218724006322396e-01,2.655963105698498916e-01,4.034741954131746411e-01,8.885556622359147561e-01,2.947077250170232476e-01,7.970575912015644970e-01,3.987846836398721839e-01,5.860918373277153037e-01,4.100856442882542252e-01,3.931311947926410255e-01,5.832691747678203642e-01,5.900056962668782656e-01
9.305775044108883787e-01,6.510430518569212399e-01,9.026071210350463669e-01,6.900430484425870148e-01,7.984106907135984921e-01,4.040595881104791509e-01,8.029260727719270685e-01,7.909852217095825200e-01,5.093573468334122722e-01,4.826209062842299335e-01,6.966058927806600964e-01,2.927608414286056449e-01
8.673197204612212996e-01,3.915685331632579591e-01,7.092578812773916441e-01,4.930331561318971878e-01,4.064545591361019006e-01,7.052205386551495536e-01,8.085765588799107562e-01,4.009803308104581410e-01,5.026040403207178153e-01,2.178705130608260543e-02,2.111011932745099906e-01,3.911272179685631456e-01
9.986125958617511067e-01,3.351604770407318745e-01,1.243932797651310929e-01,1.003751995318550860e-01,3.909119067237626921e-01,6.033277639899166100e-01,3.261817372630058665e-01,8.006897232948162468e-01,8.828618117365645279e-01,3.018723273833521237e-01,1.096333599878099307e-01,1.909088067307536107e-01
9.950955034709881852e-01,2.856457252458899365e-02,7.959904821875197767e-01,7.750228167737787111e-01,8.862184906591654698e-01,6.994432233114142861e-01,4.208869593825698696e-01,9.002771748043949529e-01,1.050132384034071498e-01,5.788937702929333184e-01,9.031273019436865113e-01,9.006887600408619576e-01
9.020310896982758342e-01,6.510430518569212399e-01,9.026071210350463669e-01,6.900430484425870148e-01,7.984106907135984921e-01,4.040595881104791509e-01,8.029260727719270685e-01,7.909852217095825200e-01,5.093573468334122722e-01,7.076748417636689048e-01,6.966058927806600964e-01,2.927608414286056449e-01
9.786103784189832400e-01,6.987786572464549373e-02,6.326612002583442695e-04,2.046523912862615591e-01,3.925408101103672331e-01,7.075872451814315678e-01,4.823865750364533800e-01,7.895140714886541566e-01,4.907566817757397781e-01,3.042461334386771798e-01,4.882991033428659700e-01,8.077037152174801893e-01
7.020597864097646301e-01,3.210516045624167702e-04,7.172187821636620830e-01,4.867177777372880820e-01,3.056909181274084508e-01,3.148673844645873410e-01,2.976389314993458379e-01,3.370856890718437748e-01,4.130040847479199417e-03,2.821600354660614429e-01,6.973343635546784824e-01,7.016729685104239334e-01
9.969830788788374143e-01,9.534069104995881450e-01,6.850446073720050100e-01,4.825503735300099573e-01,6.076586445251297430e-01,9.386210363136154866e-02,8.917117296584919917e-01,7.027689230674648568e-01,4.901578209102835371e-01,3.982046320592531052e-01,3.347979383843753820e-01,6.980154812690404498e-01
9.997197126905464915e-01,8.420394013211204287e-01,2.069808605946935609e-01,7.269499223091113738e-01,5.438396347702201261e-01,2.952818777934150818e-01,8.913452037321465404e-01,3.929865770544078152e-01,8.086794944948441088e-01,7.978537703897154998e-01,8.566092109755535366e-02,8.747510993861863371e-01
5.616725440475828224e-02,3.885817300486871240e-02,1.897946839921959006e-01,4.864473942941062723e-01,8.892917170664504933e-01,2.502857674211433903e-03,7.084227274430356935e-01,8.057170928775326812e-01,2.072748778788851554e-01,2.136276587722341636e-01,5.102074311370196069e-01,6.842395422885930723e-01
9.969830788788374143e-01,8.082652457526049439e-01,6.850446073720050100e-01,1.955461965135448787e-01,6.076586445251297430e-01,1.908392427729075358e-01,7.963660590194773237e-01,7.027689230674648568e-01,4.901578209102835371e-01,1.877823884288831180e-01,4.768101946345464914e-01,6.980154812690404498e-01
9.969830788788374143e-01,5.875516533397093788e-01,4.903254072491549653e-01,1.955461965135448787e-01,6.076586445251297430e-01,1.908392427729075358e-01,7.963660590194773237e-01,7.027689230674648568e-01,4.901578209102835371e-01,1.877823884288831180e-01,4.768101946345464914e-01,6.980154812690404498e-01
9.969830788788374143e-01,7.655681874606199422e-01,4.903254072491549653e-01,1.955461965135448787e-01,6.076586445251297430e-01,1.908392427729075358e-01,7.963660590194773237e-01,4.957799605004511445e-01,4.901578209102835371e-01,1.877823884288831180e-01,4.768101946345464914e-01,6.980154812690404498e-01
8.514842582791393166e-01,7.035976675794586299e-03,6.067165572644139804e-01,8.775965971123125264e-01,4.168490235756406315e-01,8.988013465155780812e-02,2.041193600576640121e-01,4.742787953085642605e-01,8.502902874748474726e-02,5.011268808863353907e-01,6.990093783876514255e-01,9.011628514569196557e-01
9.899404027626319547e-01,3.210516045624167702e-04,5.114678357493122052e-01,6.880440114853267897e-01,4.962272804177379482e-01,2.077943175047131108e-02,4.823225775540859739e-01,3.041022286172556099e-01,2.817834349630682911e-01,5.106397391559168719e-01,8.951637922846837903e-01,7.830980401183431638e-01
8.124812506238222598e-01,9.834973036606390329e-01,9.881419698907292215e-01,1.908906670971584618e-01,4.919203696620336186e-01,7.008548896956379171e-01,5.813870278270547587e-01,2.085903898778159182e-01,5.198156900528255742e-01,7.956987390004567340e-01,6.909585534463805745e-01,6.004665244044196104e-01
9.708306045161283482e-01,8.193016312138303725e-01,9.026071210350463669e-01,6.900430484425870148e-01,7.984106907135984921e-01,4.040595881104791509e-01,5.015792186798827546e-01,7.909852217095825200e-01,3.915378722476850482e-01,4.826209062842299335e-01,6.980849678106901823e-01,2.927608414286056449e-01
9.363921056088480022e-01,2.941529606113502116e-02,9.049404406247739674e-01,8.882345253364429816e-01,5.947700923318326449e-01,5.931081460994995780e-01,1.022863569478321688e-01,6.903368582250326568e-01,1.779842779079519044e-01,1.905552352814476325e-01,2.815293054843203135e-01,9.851315539303722169e-01
8.821325647547639814e-01,9.613529002213400121e-01,9.003841990946450657e-01,7.008651364252986848e-01,8.008375794316986429e-01,4.040595881104791509e-01,5.910504217244618719e-01,6.052149783068208055e-01,5.891828524109380405e-01,4.017605859105541355e-01,2.937218926832957933e-01,1.785527749407422871e-01
1.035567879103843625e-02,3.854339364128901990e-01,2.134478002665142204e-01,8.885556622359147561e-01,2.947077250170232476e-01,5.958997139385631137e-01,1.964606319076713792e-01,6.793059114161568157e-01,1.955003017751937300e-01,4.018643797835431686e-01,5.083295918259566060e-01,5.900056962668782656e-01
6.204837908711475780e-01,2.164573356764700751e-01,7.092578812773916441e-01,4.963257411366239213e-01,4.064545591361019006e-01,8.969529009926929808e-01,8.085765588799107562e-01,4.009803308104581410e-01,5.026040403207178153e-01,3.029833471794624034e-01,5.027491915163779801e-01,3.911272179685631456e-01
8.275582680665065638e-01,2.856457252458899365e-02,7.959904821875197767e-01,7.750228167737787111e-01,8.862184906591654698e-01,6.007455452565204634e-01,4.208869593825698696e-01,6.927196514445319586e-01,1.050132384034071498e-01,4.933229714264965038e-01,9.031273019436865113e-01,9.006887600408619576e-01
5.897844835798171648e-01,2.856457252458899365e-02,7.959904821875197767e-01,7.750228167737787111e-01,8.862184906591654698e-01,6.007455452565204634e-01,5.033547421037032343e-01,6.927196514445319586e-01,1.050132384034071498e-01,4.933229714264965038e-01,9.031273019436865113e-01,9.006887600408619576e-01
1.035567879103843625e-02,2.210134700527309204e-01,2.134478002665142204e-01,8.885556622359147561e-01,2.984603661929317586e-01,5.958997139385631137e-01,1.964606319076713792e-01,8.164122984418111795e-01,3.034569734701937915e-01,4.018643797835431686e-01,5.083295918259566060e-01,4.603537317140377616e-01
1.035567879103843625e-02,4.281522350125949172e-02,2.134478002665142204e-01,8.885556622359147561e-01,2.984603661929317586e-01,5.958997139385631137e-01,1.964606319076713792e-01,8.164122984418111795e-01,3.034569734701937915e-01,4.018643797835431686e-01,5.083295918259566060e-01,4.603537317140377616e-01
5.589901889647913569e-02,2.655963105698498916e-01,2.033361177963323163e-01,8.885556622359147561e-01,2.947077250170232476e-01,7.970575912015644970e-01,3.987846836398721839e-01,5.860918373277153037e-01,4.100856442882542252e-01,3.931311947926410255e-01,5.832691747678203642e-01,5.900056962668782656e-01
4.314492393020508132e-05,7.819980210611497951e-01,3.122380989916836991e-01,8.137397731852660243e-01,7.136464777213380462e-01,5.900857704420375827e-01,1.165036607744701636e-02,1.067034834573695745e-01,7.883545720775546606e-01,3.419401749204631358e-03,8.756915738290718121e-01,9.944798754195219859e-01
5.589901889647913569e-02,2.061213569070649565e-01,2.033361177963323163e-01,8.885556622359147561e-01,2.947077250170232476e-01,7.970575912015644970e-01,3.987846836398721839e-01,5.860918373277153037e-01,4.100856442882542252e-01,3.931311947926410255e-01,5.832691747678203642e-01,5.900056962668782656e-01
5.589901889647913569e-02,5.402210204622226453e-02,2.033361177963323163e-01,8.885556622359147561e-01,2.947077250170232476e-01,7.970575912015644970e-01,3.987846836398721839e-01,5.860918373277153037e-01,4.100856442882542252e-01,3.931311947926410255e-01,5.832691747678203642e-01,5.900056962668782656e-01
6.867322615861510826e-01,2.164573356764700751e-01,7.092578812773916441e-01,4.963257411366239213e-01,4.064545591361019006e-01,8.969529009926929808e-01,8.085765588799107562e-01,4.009803308104581410e-01,5.026040403207178153e-01,3.029833471794624034e-01,5.027491915163779801e-01,3.911272179685631456e-01
1.852493419137896113e-01,9.924520539239461980e-01,7.119685705480194304e-01,9.016513638931922259e-01,5.981525401743242876e-01,5.926889029847837165e-01,6.020971899615312761e-01,5.976934333925489895e-01,2.917348386594914578e-01,9.109096543163957005e-01,9.137797886688486804e-01,1.844433297559015528e-01
3.953462510876648572e-02,9.924520539239461980e-01,7.119685705480194304e-01,9.016513638931922259e-01,5.981525401743242876e-01,5.926889029847837165e-01,6.020971899615312761e-01,5.976934333925489895e-01,2.917348386594914578e-01,9.109096543163957005e-01,9.137797886688486804e-01,1.844433297559015528e-01
9.986125958617511067e-01,5.472123865593412351e-01,1.776799786839866613e-01,2.004568052925194133e-01,3.909119067237626921e-01,3.940262012411889225e-01,3.747996700529870884e-01,6.995112052277091541e-01,8.436687534263218602e-01,1.036980311146842304e-01,4.913272606180180135e-01,1.909966774990767835e-01
9.991093886165431925e-01,4.187496410558830817e-01,4.078072677540919289e-01,2.278267097908560634e-01,9.614765120231081319e-01,2.185214802102871667e-01,4.037453200166670753e-01,8.913274706402537495e-01,4.142181660541453536e-01,3.904186669876078541e-01,9.065818451249511023e-01,2.078061601396840041e-01
9.983497215700498639e-01,4.571002683391317545e-02,7.852351126667560521e-01,8.927925560249196923e-01,5.578135257567284899e-03,2.095780143638960591e-01,6.963728720188642196e-01,4.821158046897563998e-01,9.164543010591281735e-01,6.058044336420900233e-01,8.932517787343785542e-01,4.076842941688453292e-01
4.207257723976888797e-01,9.924520539239461980e-01,7.119685705480194304e-01,9.016513638931922259e-01,5.981525401743242876e-01,5.926889029847837165e-01,6.020971899615312761e-01,5.976934333925489895e-01,2.917348386594914578e-01,8.050949520799688397e-01,7.001656065099524096e-01,2.193778893839824495e-01
7.903229086844296702e-01,9.924520539239461980e-01,7.119685705480194304e-01,9.016513638931922259e-01,5.981525401743242876e-01,5.926889029847837165e-01,6.020971899615312761e-01,8.381680447139486789e-01,2.917348386594914578e-01,8.050949520799688397e-01,7.001656065099524096e-01,2.193778893839824495e-01
3.331959167752524542e-01,2.164573356764700751e-01,7.092578812773916441e-01,4.963257411366239213e-01,4.064545591361019006e-01,8.969529009926929808e-01,8.085765588799107562e-01,4.009803308104581410e-01,5.026040403207178153e-01,3.029833471794624034e-01,5.027491915163779801e-01,3.911272179685631456e-01
3.106070553978022009e-01,5.272969384102591528e-01,7.092578812773916441e-01,7.002559137140709211e-01,4.064545591361019006e-01,8.969529009926929808e-01,6.004812932500036560e-01,4.009803308104581410e-01,5.026040403207178153e-01,3.029833471794624034e-01,2.061544749369091378e-01,3.911272179685631456e-01
3.106070553978022009e-01,5.702224036526137851e-01,7.092578812773916441e-01,7.002559137140709211e-01,4.064545591361019006e-01,8.969529009926929808e-01,6.004812932500036560e-01,4.009803308104581410e-01,5.026040403207178153e-01,3.029833471794624034e-01,2.061544749369091378e-01,3.911272179685631456e-01
4.314492393020508132e-05,9.474313391410875695e-01,3.122380989916836991e-01,7.289101693438686524e-01,7.136464777213380462e-01,5.900857704420375827e-01,1.165036607744701636e-02,1.133091395964067605e-01,7.883545720775546606e-01,3.419401749204631358e-03,8.031964633496921913e-01,9.944798754195219859e-01
4.582722787041693113e-03,3.885817300486871240e-02,1.897946839921959006e-01,4.864473942941062723e-01,8.892917170664504933e-01,2.502857674211433903e-03,7.084227274430356935e-01,8.057170928775326812e-01,8.074457988694799804e-02,2.136276587722341636e-01,2.863343997995264067e-01,6.842395422885930723e-01
4.582722787041693113e-03,2.502295360257329460e-01,1.897946839921959006e-01,4.864473942941062723e-01,8.892917170664504933e-01,2.502857674211433903e-03,7.084227274430356935e-01,8.057170928775326812e-01,2.062846195014300665e-02,2.136276587722341636e-01,2.863343997995264067e-01,6.842395422885930723e-01
9.984527603323318790e-01,9.710964893721020230e-01,9.881419698907292215e-01,1.832108512143491019e-01,5.035130898624702311e-01,7.008548896956379171e-01,6.420084255565416953e-01,3.028889735540020722e-01,9.287398568968923129e-01,8.828279402780402352e-01,6.909585534463805745e-01,6.004665244044196104e-01
7.469767209059583468e-01,3.210516045624167702e-04,5.114678357493122052e-01,7.111980778023905270e-01,6.186847608987138258e-01,1.937138429759066582e-02,6.018278437084837451e-01,3.041022286172556099e-01,2.817834349630682911e-01,7.773440474834996117e-01,8.951637922846837903e-01,7.830980401183431638e-01
9.850049724365371739e-01,9.999207346738838709e-01,1.963096248772393526e-01,9.538182995837891642e-01,4.895532861281599035e-01,4.273808353881081157e-02,6.950699905560876468e-01,9.125710263184599880e-02,9.946206281039056130e-01,7.956218195928059789e-01,5.933258638295639820e-01,4.715060008689345161e-01
2.630465006901694380e-02,1.379491098073628019e-01,1.897946839921959006e-01,4.864473942941062723e-01,8.892917170664504933e-01,2.502857674211433903e-03,4.968792661746888051e-01,5.032702662895980339e-01,2.072748778788851554e-01,1.018769970353700094e-01,5.102074311370196069e-01,8.147796437969763161e-01
9.786103784189832400e-01,9.837702327523589751e-02,6.326612002583442695e-04,2.046523912862615591e-01,3.925408101103672331e-01,7.075872451814315678e-01,4.823865750364533800e-01,8.967716753539215491e-01,4.907566817757397781e-01,3.042461334386771798e-01,4.882991033428659700e-01,8.077037152174801893e-01
9.999860313419350888e-01,4.384950772723768542e-01,6.814364851458489802e-01,7.460108254975359454e-01,8.416654839264097188e-01,4.820448574765971439e-01,4.398726338642633960e-01,7.087858202962510346e-01,4.019172639814230785e-01,5.536390116457050592e-01,8.096641685809535804e-01,5.919588709176515362e-01
5.943929215339291972e-01,9.999207346738838709e-01,1.868426836833750881e-01,6.932325835325363617e-01,7.888752762732516022e-01,3.299255940177103774e-03,7.432800498556677571e-01,6.979879591193599575e-01,8.961878142860519869e-01,4.030229129380756281e-01,4.844743649092289051e-01,5.806314818679938483e-01
3.130763397136458459e-01,3.915685331632579591e-01,7.092578812773916441e-01,7.002559137140709211e-01,4.064545591361019006e-01,6.993341531668196831e-01,6.004812932500036560e-01,4.009803308104581410e-01,5.026040403207178153e-01,3.029833471794624034e-01,1.028544112620403128e-01,3.911272179685631456e-01
1.506218724006322396e-01,1.750454104765030716e-01,4.034741954131746411e-01,8.885556622359147561e-01,2.947077250170232476e-01,7.970575912015644970e-01,3.987846836398721839e-01,5.860918373277153037e-01,4.100856442882542252e-01,3.931311947926410255e-01,5.832691747678203642e-01,5.900056962668782656e-01
9.997370187283545206e-01,9.966839667329323582e-01,2.413438436724565928e-01,7.749878273737902390e-01,5.989043459355953836e-01,6.515966364772729502e-02,9.986130865531295253e-01,5.856441349987527856e-01,9.030271578820363576e-01,7.978537703897154998e-01,3.938744778549818637e-01,6.101451243745921182e-01
9.997370187283545206e-01,9.107977994330853644e-01,2.631078825546168121e-02,8.290947914177675404e-01,5.116758038983029167e-01,6.515966364772729502e-02,9.986130865531295253e-01,6.118094642545055528e-01,6.818171976546838486e-01,7.978537703897154998e-01,3.089143094626782271e-01,4.061637129082333875e-01
5.827515418865126806e-01,5.057833206303152807e-03,4.855290814877856742e-01,5.158019019711250763e-01,2.019420100214510128e-01,8.077509400033607845e-01,6.871421021112842364e-01,4.128565530449719301e-01,2.898216276758675547e-01,2.011572251588025773e-01,3.526570130160278094e-03,3.911272179685631456e-01
6.509977891770017955e-01,5.057833206303152807e-03,4.855290814877856742e-01,5.158019019711250763e-01,2.019420100214510128e-01,8.077509400033607845e-01,6.871421021112842364e-01,4.128565530449719301e-01,2.898216276758675547e-01,2.011572251588025773e-01,3.526570130160278094e-03,3.911272179685631456e-01
4.954697521144574290e-01,2.164573356764700751e-01,7.092578812773916441e-01,4.963257411366239213e-01,4.064545591361019006e-01,8.969529009926929808e-01,8.085765588799107562e-01,4.009803308104581410e-01,5.026040403207178153e-01,3.029833471794624034e-01,5.027491915163779801e-01,5.029323374971823579e-01
6.847253937965425141e-03,1.645440024215460983e-03,2.134478002665142204e-01,9.255765401903514045e-01,1.826663721442339794e-02,5.958997139385631137e-01,2.288552211911820677e-01,7.022421695154972276e-01,3.034569734701937915e-01,2.074681430407468441e-01,8.365025218770039128e-01,2.182279194018384438e-01
8.696124997071008611e-01,8.199295037297771316e-05,3.716654241966674266e-01,4.335541150058863091e-01,6.434965364701259460e-01,7.363136120574368393e-01,6.937141576393259790e-01,6.889178339180221933e-01,6.413361080921897717e-02,6.459620495018819630e-02,7.085637629866186060e-01,5.895187156150171193e-01
6.386429167899831949e-01,8.199295037297771316e-05,3.716654241966674266e-01,3.902266700647791797e-01,6.434965364701259460e-01,7.363136120574368393e-01,6.937141576393259790e-01,6.889178339180221933e-01,3.300508817724245869e-02,6.459620495018819630e-02,7.085637629866186060e-01,5.895187156150171193e-01
9.682303167144765688e-01,9.941566479632122366e-01,9.026071210350463669e-01,9.902798647057147186e-01,7.984106907135984921e-01,2.024087822088092570e-01,4.946401794957919762e-01,6.005047133570408091e-01,5.247443665100042232e-01,6.910528472933419319e-01,7.386206282246899901e-01,1.015414248021803689e-01
9.798753353080925654e-01,9.941566479632122366e-01,8.946366819580764407e-01,9.902798647057147186e-01,7.899183596314153233e-01,2.024087822088092570e-01,4.946401794957919762e-01,6.005047133570408091e-01,5.247443665100042232e-01,6.910528472933419319e-01,7.386206282246899901e-01,1.015414248021803689e-01
9.983497215700498639e-01,6.946143698703349800e-02,8.230182949402276016e-01,8.927925560249196923e-01,5.578135257567284899e-03,2.095780143638960591e-01,6.963728720188642196e-01,4.821158046897563998e-01,7.943907349606921242e-01,6.058044336420900233e-01,8.932517787343785542e-01,4.076842941688453292e-01
9.983497215700498639e-01,2.787106973626028994e-01,3.834843615085424817e-01,8.927925560249196923e-01,5.578135257567284899e-03,2.095780143638960591e-01,6.330293569873364223e-01,6.934997120800916459e-01,7.943907349606921242e-01,6.058044336420900233e-01,6.885294936247018383e-01,4.076842941688453292e-01
9.982603250091061087e-01,9.999207346738838709e-01,3.939170866254468328e-01,7.345887744705610345e-01,4.996638212324938655e-01,2.435871634470752611e-01,4.577321191979861759e-01,2.403852595888664734e-01,8.811462947107466803e-01,4.167922166970834952e-01,2.717547633669168961e-01,4.967274563200899107e-01
9.656708551451271827e-01,9.861868094623743586e-01,2.975933109787691211e-01,2.956511784273068710e-01,5.916035281789066014e-01,2.093099239049403537e-01,7.147283846393913675e-01,1.063300220813495622e-02,5.988076092488594515e-01,9.874076479449841459e-01,1.099956613835723074e-01,2.147256679940193758e-01
9.447991585700974415e-01,9.861868094623743586e-01,2.975933109787691211e-01,2.956511784273068710e-01,5.916035281789066014e-01,2.093099239049403537e-01,7.147283846393913675e-01,1.063300220813495622e-02,5.988076092488594515e-01,9.874076479449841459e-01,1.099956613835723074e-01,2.147256679940193758e-01
9.988660632928345606e-01,7.035976675794586299e-03,9.415950031865198966e-01,6.970641274932185549e-01,4.014978756263543058e-01,1.381767539075434703e-02,2.041193600576640121e-01,6.927215023450716824e-01,2.214540323491934748e-01,8.100120865706115225e-01,5.815595854933939268e-01,6.864632190668797929e-01
9.316313264144147066e-01,9.999207346738838709e-01,1.963096248772393526e-01,7.896161891934978527e-01,4.895532861281599035e-01,2.788654583767678496e-01,6.950699905560876468e-01,9.125710263184599880e-02,9.946206281039056130e-01,6.029129345611385915e-01,8.030353052568801608e-01,4.715060008689345161e-01
4.254439844648139069e-01,1.933728452920750462e-01,5.772003511416889943e-01,5.686854674958496947e-01,6.588610342763634442e-01,6.814026173966231115e-01,8.328578053428437045e-01,5.457544669691015704e-01,2.145500064744655377e-01,3.659379745700157005e-01,9.132277075701134006e-02,9.332764332234657623e-01
4.254439844648139069e-01,1.933728452920750462e-01,5.772003511416889943e-01,5.686854674958496947e-01,5.104717393293813910e-01,6.814026173966231115e-01,8.328578053428437045e-01,5.457544669691015704e-01,2.145500064744655377e-01,3.659379745700157005e-01,9.132277075701134006e-02,9.332764332234657623e-01
4.254439844648139069e-01,1.933728452920750462e-01,5.772003511416889943e-01,5.686854674958496947e-01,5.104717393293813910e-01,6.814026173966231115e-01,8.328578053428437045e-01,5.457544669691015704e-01,2.145500064744655377e-01,3.659379745700157005e-01,9.132277075701134006e-02,8.174683576540201502e-01
4.254439844648139069e-01,1.933728452920750462e-01,5.772003511416889943e-01,5.686854674958496947e-01,5.104717393293813910e-01,6.814026173966231115e-01,8.328578053428437045e-01,5.457544669691015704e-01,1.133118842693891515e-01,3.659379745700157005e-01,9.132277075701134006e-02,8.174683576540201502e-01
4.254439844648139069e-01,1.933728452920750462e-01,5.772003511416889943e-01,5.686854674958496947e-01,5.104717393293813910e-01,6.814026173966231115e-01,8.328578053428437045e-01,5.457544669691015704e-01,2.580781312821591733e-01,3.659379745700157005e-01,9.132277075701134006e-02,8.174683576540201502e-01
4.254439844648139069e-01,1.933728452920750462e-01,5.772003511416889943e-01,5.686854674958496947e-01,5.104717393293813910e-01,6.814026173966231115e-01,8.394465560599297937e-01,5.457544669691015704e-01,2.580781312821591733e-01,3.659379745700157005e-01,9.132277075701134006e-02,8.174683576540201502e-01
4.254439844648139069e-01,1.933728452920750462e-01,5.772003511416889943e-01,5.686854674958496947e-01,5.104717393293813910e-01,6.814026173966231115e-01,8.394465560599297937e-01,4.634991114610985674e-01,2.580781312821591733e-01,3.659379745700157005e-01,9.132277075701134006e-02,8.174683576540201502e-01
2.382715112694992476e-01,1.933728452920750462e-01,5.772003511416889943e-01,5.686854674958496947e-01,5.104717393293813910e-01,6.814026173966231115e-01,8.394465560599297937e-01,4.634991114610985674e-01,2.580781312821591733e-01,3.659379745700157005e-01,9.132277075701134006e-02,8.174683576540201502e-01
2.382715112694992476e-01,1.933728452920750462e-01,5.772003511416889943e-01,5.686854674958496947e-01,6.160676361728025796e-01,6.814026173966231115e-01,8.394465560599297937e-01,4.634991114610985674e-01,2.580781312821591733e-01,3.659379745700157005e-01,9.132277075701134006e-02,8.174683576540201502e-01
2.382715112694992476e-01,1.933728452920750462e-01,7.969813257075002433e-01,5.686854674958496947e-01,6.160676361728025796e-01,6.814026173966231115e-01,8.394465560599297937e-01,4.634991114610985674e-01,2.580781312821591733e-01,3.659379745700157005e-01,9.132277075701134006e-02,8.174683576540201502e-01
2.382715112694992476e-01,1.933728452920750462e-01,8.261448624703924271e-01,5.686854674958496947e-01,6.160676361728025796e-01,6.814026173966231115e-01,8.394465560599297937e-01,4.634991114610985674e-01,2.580781312821591733e-01,3.659379745700157005e-01,9.132277075701134006e-02,8.174683576540201502e-01
