1.594438784341145610e+00,1.552512192452986772e+00
2.102285902520874661e+00,2.096997677087648615e+00
1.976435349833851163e+00,1.995005732406039289e+00
1.828190612809698079e+00,1.835134396346515429e+00
3.515979499165776900e+00,2.999370313547696121e+00
3.090643493435269562e+00,2.999023537698874531e+00
1.421169560493997119e+00,1.442345171880625498e+00
4.450993466805726051e+00,2.994382047632348609e+00
3.111059785363813335e-01,3.210492712360102363e-01
4.318537883645703901e-01,4.390872357568039730e-01
2.446740922794361062e+00,2.419638321284260485e+00
1.663368292547140914e+00,1.679799638494188674e+00
1.294855815524838416e+00,1.310159082184943813e+00
6.400290470207077309e-01,6.629457882637068700e-01
2.636986113179901281e+00,2.653295397367360753e+00
5.540428474583726226e-01,5.272585827192304286e-01
1.114159444627831341e+00,1.132884093602944064e+00
2.793321994880580306e+00,2.847388839039420638e+00
3.257739974617527956e+00,2.987060611725875336e+00
8.249447481548488614e-01,8.151815894059859513e-01
4.922348883936386699e+00,2.990087507258637700e+00
2.168842587518598819e+00,2.198976254331824531e+00
4.635311868976790706e+00,2.996063097691040955e+00
4.006430761843875921e+00,2.995120813234811052e+00
9.344542726438109792e-01,1.020803415261536840e+00
2.913100165394224117e+00,2.948091975228408046e+00
4.168545378737785079e+00,2.996112499189738099e+00
1.007843249443159506e+00,9.050921714906710047e-01
3.778868200710187253e+00,2.997685294834661285e+00
2.484486013254429970e+00,2.622553670896289546e+00
3.659694020481196741e-02,6.925548793339580955e-02
1.252639069806780858e+00,1.184585049659362177e+00
2.008196758543208671e-01,2.481345598375382377e-01
2.486718029128292873e+00,2.973089956955250024e+00
2.351465405344472792e+00,2.163566971730652710e+00
2.724842076368319876e+00,2.082028507854122523e+00
6.612182273034281632e-01,8.294184723590627417e-01
1.176164795687523412e+00,1.382857883632938600e+00
2.348493676802962948e+00,1.991576392945473506e+00
2.348493676802962948e+00,2.317379509174818608e+00
2.545264014809003328e+00,2.198813849815289601e+00
1.538595293260305086e+00,1.120076803632360729e+00
1.676236707654700897e+00,1.120076803632360729e+00
1.793967664534420248e+00,1.721404881194439351e+00
2.681745713022922750e+00,2.241741048686856086e+00
2.384056972710877353e+00,1.843918620526323604e+00
9.193154089076123192e-01,6.278121502347011607e-01
1.287384578768930421e+00,1.602670344825323445e+00
1.462944567661867090e+00,2.122207932008962850e+00
3.125536491873441403e+00,2.798252870807040882e+00
2.888555624597721305e+00,2.543990999186867441e+00
7.605697746905312195e-01,9.387966844485265971e-01
1.328148671862998675e+00,7.940881324441870781e-01
1.394673518453047878e+00,6.498230838504345241e-01
9.612228371730368037e-01,1.237223129723810544e+00
2.064874640450893750e+00,2.465957419357306168e+00
1.399270614523477896e+00,1.086231683940414916e+00
1.685618670096596272e+00,1.305203348773283700e+00
1.266710877592943874e+00,1.742000513981408982e+00
2.051378497859605687e+00,1.742000513981408982e+00
4.259952246062255199e-01,7.798919257586945930e-01
7.609575791698670599e-01,1.245596758639586410e+00
1.825274137630922056e+00,1.245596758639586410e+00
1.511256202573142193e+00,1.777274930771912009e+00
1.133291412012831456e+00,1.561065622552765264e+00
1.822006017890071661e+00,1.561065622552765264e+00
2.047452088581205309e+00,2.303537084538793245e+00
2.879002994860865527e+00,2.325834475858523653e+00
5.111631742166706793e-01,1.236108427385708142e+00
2.516584183660697693e+00,2.827278454861675616e+00
3.034569974566646344e+00,2.475212951411757789e+00
2.771605769196942681e+00,2.606623550805983403e+00
3.194804638539816555e+00,2.606623550805983403e+00
2.163245790927652568e+00,2.606623550805983403e+00
1.494395714506467243e+00,1.938482241996389410e+00
4.361186132548382499e-01,1.938482241996389410e+00
6.641553108787592308e-01,1.938482241996389410e+00
6.641553108787592308e-01,1.584906794290319887e+00
6.641553108787592308e-01,1.117744746371600595e+00
6.641553108787592308e-01,8.058525444888491318e-01
4.912816299454150215e-01,8.058525444888491318e-01
1.496715065683027701e+00,8.058525444888491318e-01
1.315788177082165999e+00,8.058525444888491318e-01
