5.818231573098179288e-01 4.483513703481765589e+01
7.705307174220078537e+01 7.229922026143988489e+00
1.378662148020291855e+00 4.208277574607613758e+01
8.602513575103029098e+01 5.970322355324884533e+00
1.036849184809114277e+01 2.982354999644778815e+01
9.895245401014318531e+01 4.399326048735916039e+00
1.922362085983440636e+02 1.951279042477425604e-02
6.175839029166264993e+01 9.875526528633589152e+00
9.080632775584702721e-01 4.348882907482651206e+01
1.187622148444526005e+02 2.663886918884235566e+00
5.862632226270141445e+01 1.051698797050319811e+01
1.571950687172176799e+02 6.435313489391961683e-01
7.149440673990554274e+01 8.098744622593535780e+00
1.501508249637500469e+01 2.655594034927881353e+01
1.668078621986523319e-02 4.909515966556587330e+01
9.139643649999571551e+01 5.259127986973885172e+00
2.844731110228432414e+01 1.939920286492488088e+01
1.130063165536222272e+02 3.115297349283767225e+00
7.069865926825716684e+00 3.297333875311740314e+01
5.815778901911728838e+01 1.066882359142005043e+01
2.232685584122106803e+01 2.224364366370818402e+01
6.916310671713060287e+01 8.507053177027060542e+00
1.597083043429372538e+02 5.807239352814428379e-01
8.455453733593631682e+01 6.171388992962290487e+00
1.569897960583460303e+02 6.609666966634347718e-01
7.450092365226002045e-01 4.417251245789165637e+01
6.297590159307941349e+01 9.673566767201332794e+00
1.535150962525277976e+02 7.697832426096036240e-01
7.274935484976900568e+01 7.881624196706278340e+00
1.626383618782151075e+02 4.836308879041040232e-01
2.567997011582335176e+01 2.058719857908091910e+01
1.049450069538274306e+02 3.849131699125194039e+00
6.714087511992798341e+01 8.845382649352114157e+00
2.043024025526362308e+01 2.335428205444061689e+01
8.546759685734681966e+01 6.051562378322198121e+00
3.477630585631060001e+01 1.707648422119405041e+01
7.428713775127147301e+01 7.628770822269023810e+00
2.421261799520650726e+01 2.162272625861450592e+01
4.214367451343203896e+01 1.596738572351322105e+01
6.529872753033433241e+01 9.206293875094054613e+00
4.225447062590386338e+01 1.591279063204585142e+01
1.923558978113065976e+01 2.392853134578567875e+01
8.825375635891373349e+01 5.853041672293807451e+00
1.294042421111451233e+02 1.928870615743843331e+00
8.262719084096318056e+01 6.483581725250726180e+00
5.690485421645814768e+01 1.289505018252848423e+01
1.895481500012781595e+01 2.471445218695712498e+01
6.598881642159883931e+00 3.454661567279522671e+01
2.022360277353267843e-01 4.817149619971013408e+01
4.244837563711364936e+01 1.470654276511343106e+01
4.244837563711364936e+01 1.470654276511343106e+01
4.575658124406776750e+01 1.392455579023497236e+01
4.286848957649507952e+01 1.460152001728446436e+01
2.744239021007493662e+01 2.020960033347218854e+01
2.280406836319488306e+01 2.201947043440809892e+01
2.400345111966780109e+01 2.138849493031341353e+01
2.467966803144425469e+01 2.105510384660783529e+01
3.127198268642402113e+01 1.841539018531673477e+01
2.109087458204285070e+01 2.302614042327182631e+01
3.177650134554122374e+01 1.824831457698030945e+01
1.857221144314207351e+01 2.481924456863538353e+01
1.486854763601447438e+01 2.887551029282653303e+01
2.664917125404020481e+01 2.016184715806883787e+01
1.795736262765703373e+01 2.562922387328256235e+01
2.653545424046321699e+01 2.021238383963811458e+01
2.330538406262947859e+01 2.173973509724793374e+01
2.628455400972951139e+01 2.032034236481454315e+01
