3.168633619528548273e+00 3.281373090492342826e+00
4.999903732550910362e+00 5.012530110297896968e+00
4.019197222663306590e+00 4.001650457341343170e+00
1.545674692995886446e+00 1.589878921482709373e+00
3.075233537856392196e+00 3.360444053968902889e+00
2.227543522532528186e+00 1.933131292914159083e+00
5.699611894561822378e-01 4.170972133751756905e-01
2.115689925267019156e+00 1.939630840084710872e+00
3.199381030463103182e-01 2.849143165378262843e-01
4.050515264504708668e+00 4.055280294149626208e+00
1.715332831146640480e+00 1.699847236724412181e+00
5.885093016603841765e-01 7.143485871244563690e-01
3.474654623809851461e+00 3.446599626536161587e+00
4.688676981265199828e+00 4.653291909827593109e+00
1.797540053997968013e+00 1.837029786162506007e+00
4.977770910642105306e-01 4.176763373924203826e-01
1.842102093349775371e+00 1.674539188918172439e+00
3.513220339447541196e+00 3.475036006806709210e+00
2.002502274861824194e+00 1.935095385309358651e+00
3.884071807063870452e+00 3.786242186250252661e+00
1.635723024648899626e-01 1.910679011452091070e-01
2.167053643673310770e+00 1.977037956037511535e+00
3.469036909220083675e+00 3.644887373674847275e+00
3.351806814773290455e-01 5.055015160503399940e-01
1.915592674172817533e+00 1.847936278005811506e+00
5.920710835174065600e-01 7.315388843226449112e-01
4.161838001548805011e+00 4.052832589404951058e+00
2.051173543888591855e+00 1.908660146347756825e+00
3.652281224535693482e+00 3.643013583353361895e+00
2.303648509852720405e+00 1.969168214365860869e+00
1.837006724749306041e-01 4.615466551236333537e-01
1.833914338174658543e+00 1.860657492665918511e+00
3.114574917203466686e+00 3.166684142469441632e+00
1.727309323877866287e+00 2.070772782572387172e+00
2.954868292492280446e+00 2.566485775622778132e+00
4.348261647406365782e+00 4.383888475108780547e+00
1.449356099909566709e+00 1.749882558295424939e+00
3.441452837486225658e+00 3.494464163666809231e+00
1.822241043925747928e+00 1.697174893939798146e+00
4.337634193418446138e+00 4.001850387617428950e+00
1.654462985511316431e+00 1.899899905854158799e+00
7.409286805848021018e-01 4.081054447370351390e-01
4.227976441377810701e+00 3.771752742312628914e+00
1.895918149688635701e+00 1.572700043041750151e+00
5.240074353361818815e-01 9.229594238671015027e-01
3.437322483538327589e+00 3.712403356120492326e+00
1.876483649677343379e+00 1.717640441937453577e+00
3.465736643358721558e+00 3.421924199056085580e+00
1.284494057528185129e+00 9.416501910389816210e-01
4.299158247054349680e+00 4.584649978184161867e+00
4.607308930672868286e+00 3.972292761270514561e+00
4.607308930672868286e+00 4.204160526116124785e+00
4.498081638297019680e+00 4.204160526116124785e+00
3.419086455689330784e+00 4.204160526116124785e+00
3.419086455689330784e+00 3.806681822744618415e+00
3.419086455689330784e+00 2.680768334687218424e+00
3.419086455689330784e+00 2.336300167482914247e+00
3.419086455689330784e+00 1.762747611166716188e+00
3.419086455689330784e+00 3.366157712047753492e+00
3.419086455689330784e+00 1.294159678966422256e+00
3.419086455689330784e+00 2.395105229807121816e+00
3.419086455689330784e+00 2.696769892261905444e+00
3.419086455689330784e+00 2.793147095692586568e+00
3.578396207885462310e+00 2.793147095692586568e+00
3.228542613007405748e+00 2.793147095692586568e+00
3.228542613007405748e+00 3.605686637947545847e+00
3.228542613007405748e+00 2.996244082995279001e+00
1.983089699089753299e+00 2.996244082995279001e+00
1.983089699089753299e+00 3.056462030010846931e+00
1.983089699089753299e+00 2.667230147491385761e+00
1.983089699089753299e+00 2.827753318140729277e+00
2.885429901570008226e+00 2.827753318140729277e+00
2.983855624083998848e+00 2.827753318140729277e+00
2.832310438099440830e+00 2.827753318140729277e+00
2.223619399085891679e+00 2.827753318140729277e+00
2.223619399085891679e+00 1.904263685737690892e+00
2.447413228539963015e+00 1.904263685737690892e+00
2.690383646383602834e+00 1.904263685737690892e+00
2.549233565356060716e+00 1.904263685737690892e+00
2.549233565356060716e+00 1.949433185779896771e+00
2.549233565356060716e+00 2.485743732882642387e+00
2.549233565356060716e+00 2.737747311827744667e+00
3.219238743674909031e+00 2.737747311827744667e+00
3.219238743674909031e+00 3.248318624593187209e+00
3.219238743674909031e+00 3.544921520128086811e+00
3.538440423381455702e+00 3.544921520128086811e+00
3.278381615991147413e+00 3.544921520128086811e+00
3.278381615991147413e+00 2.904186457345533157e+00
3.278381615991147413e+00 4.220787495812293955e+00
3.278381615991147413e+00 2.636324376796211233e+00
3.278381615991147413e+00 2.813230260499129276e+00
3.278381615991147413e+00 3.079521173250242327e+00
3.278381615991147413e+00 3.239681046582284285e+00
3.507964559106092395e+00 3.239681046582284285e+00
3.298594254445948337e+00 3.239681046582284285e+00
