2.194954414982344559e+00 2.100396797338564880e+00
3.862988803465652321e+00 3.743162091155284088e+00
1.711502733603269100e+00 1.743440969960729170e+00
4.088506338842876175e+00 4.045304846532046916e+00
6.313990846877284291e-01 6.287962317519383282e-01
3.395680610178614778e+00 3.525666212865945504e+00
4.447459729154589425e+00 4.408535556578964787e+00
3.099156464199945393e+00 3.150596644982627481e+00
4.896211542847217046e+00 4.921472387339396626e+00
3.402283786302743085e+00 3.469573602491299980e+00
1.870642565497296239e+00 1.719329516591172613e+00
4.035062400196167687e+00 3.984433187483984895e+00
2.033509673043679911e+00 2.016060918030508464e+00
5.752597251464242056e-01 6.229878834982143232e-01
1.683019913204955920e+00 1.767103731026795632e+00
4.592456649909313349e+00 4.484096406258135659e+00
9.634520290431733969e-01 1.220859470859369189e+00
2.615980181377957958e+00 2.751115453605219141e+00
3.997409903116519114e+00 4.049633008652050670e+00
1.320175038370569709e+00 1.316792178161210192e+00
3.431524077055029043e+00 3.366764259563547412e+00
1.697189768237189700e+00 1.870204990181638216e+00
9.155225706987842882e-01 8.229145677851491536e-01
4.674778008757599856e+00 4.837640780042121946e+00
2.211104283481170274e+00 2.259607485596062837e+00
3.674964148977394096e+00 3.635753914115474217e+00
1.705193609566355795e+00 1.653303961404384737e+00
2.521821589973826327e+00 2.677311036785877452e+00
7.671529733142412599e-01 8.357773969422092053e-01
2.282544931705163815e+00 2.370673997209002071e+00
1.078599815960543662e+00 1.450323903476414378e+00
1.124801556400878422e-01 -2.364095256877163376e-02
3.721020201987278675e+00 3.434805273864601105e+00
6.080479399614331371e-01 7.876360065046849046e-01
2.752439426537080180e+00 2.722276524255533570e+00
3.864165956381937939e+00 3.741247645000145283e+00
2.712572754983471057e+00 2.730697593236381060e+00
4.280047912731349768e+00 4.407967945000233811e+00
2.478132619382576785e+00 2.484552233139921018e+00
9.871767264026511945e-01 1.135960981829228444e+00
2.476529666750369785e+00 2.596459171332484495e+00
1.175192452116884168e+00 1.327500106116635159e+00
2.471946835583332280e+00 2.277086687462544834e+00
3.520022157197668644e+00 3.753553067343443406e+00
1.791976162767230818e+00 1.054452713624438598e+00
6.884733992323098795e-01 1.932377970464460581e-01
3.017805628936689466e+00 3.101913435522354767e+00
4.239883384706780056e+00 4.090298736701178051e+00
3.163175195453288069e+00 2.634961457081409719e+00
4.247529662231724679e+00 4.074709302880190620e+00
4.247529662231724679e+00 4.074709302880190620e+00
4.204494484120607112e+00 4.074709302880190620e+00
3.419963740867167701e+00 4.074709302880190620e+00
3.419963740867167701e+00 3.209351755723932609e+00
2.668127797177577420e+00 3.209351755723932609e+00
2.668127797177577420e+00 2.571845964315722544e+00
2.152444748225035287e+00 2.571845964315722544e+00
2.152444748225035287e+00 1.570226276892013662e+00
1.798719375804003207e+00 1.570226276892013662e+00
1.798719375804003207e+00 2.300488376346143227e+00
1.798719375804003207e+00 1.831516114183461497e+00
2.307263726202430920e+00 1.831516114183461497e+00
2.081005002066418363e+00 1.831516114183461497e+00
1.924051405102962686e+00 1.831516114183461497e+00
1.924051405102962686e+00 2.596979106410872262e+00
1.924051405102962686e+00 2.025798822690760836e+00
1.924051405102962686e+00 2.471319625923543040e+00
2.699776542175319261e+00 2.471319625923543040e+00
2.163340803805232859e+00 2.471319625923543040e+00
2.163340803805232859e+00 2.322065016377414803e+00
2.163340803805232859e+00 2.423601968203436208e+00
2.163340803805232859e+00 2.413586187323702781e+00
2.163340803805232859e+00 2.685350324347045348e+00
2.585001388539295952e+00 2.685350324347045348e+00
2.585001388539295952e+00 2.878391821305382958e+00
2.585001388539295952e+00 2.307760085392224436e+00
1.517496570240705722e+00 2.307760085392224436e+00
2.054081114041318656e+00 2.307760085392224436e+00
2.054081114041318656e+00 2.202327834343987156e+00
2.054081114041318656e+00 1.026237392948361471e+00
2.054081114041318656e+00 1.054071052631658123e+00
1.800094199668597295e+00 1.054071052631658123e+00
1.800094199668597295e+00 1.570596386610702444e+00
1.800094199668597295e+00 1.721734356151588319e+00
1.800094199668597295e+00 1.016429747340999334e+00
4.467931569908096812e-01 1.016429747340999334e+00
1.710022905507432966e+00 1.016429747340999334e+00
1.710022905507432966e+00 1.910160551436462129e+00
1.710022905507432966e+00 1.934584456014574627e+00
