8.033040807831929309e-01 4.399441657934453076e+01
2.240076597192769370e+01 2.214306447822563939e+01
1.388314742176696370e+02 1.396704131096039525e+00
5.550641268834222153e-01 4.493955062172624082e+01
9.013027092516804828e+01 5.452225291907858207e+00
1.670008863993830630e+02 3.716933996887297753e-01
8.870156608953971045e+01 5.580973416671955789e+00
1.836052264147674009e+02 8.765558074805940292e-02
9.569004852476371781e+00 3.054822501578830440e+01
1.529648519857243514e+02 7.925279594609375700e-01
4.102131382918969393e+01 1.499129290655697844e+01
7.757526264089785073e+00 3.230557425826339113e+01
1.609452852239312790e+02 5.342919908562950848e-01
1.142790314935719032e+01 2.903052466313641133e+01
5.119984067165561470e+01 1.220673107541184699e+01
9.758199001888898749e+01 4.549484308820993306e+00
2.867379389586108829e+01 1.930435870455861291e+01
1.648981480124287202e+02 4.256000924014173847e-01
3.347724314127250977e+01 1.748533911078839154e+01
8.735807584639718470e+01 5.765938284822055948e+00
1.471837255155404023e+02 1.012307156510943162e+00
2.629223542222792531e+01 2.036062492640700583e+01
1.624246237985103676e+02 4.903602718380519754e-01
1.004128245004597915e+02 4.250048405493876302e+00
9.709397554759004123e+00 3.041510922011151763e+01
8.931039324982310845e-02 4.812789957452845613e+01
1.955848118771328004e+01 2.364605005994395981e+01
4.217683131853830503e+01 1.464074636740848234e+01
1.106172168346483033e+02 3.321041513047153337e+00
1.408415717689708657e+01 2.708920644676981127e+01
3.853120684294338361e+01 1.578198091687773186e+01
1.025912226867749268e+02 4.027254873772522892e+00
2.558774663174439468e+01 2.081387181819916066e+01
7.249412781907159342e+01 7.932906471214693056e+00
1.199817052372569464e+02 2.667340723217741072e+00
1.774025838740004986e+02 2.382668463520944968e-01
5.385127660009555228e+01 1.169121789689162227e+01
1.897312455773995321e+00 4.109229619497732244e+01
6.317134894560292224e+01 9.920345410688128140e+00
1.324492572034893669e+02 2.029676981789941159e+00
1.069267344013644205e+01 3.004629936685076075e+01
7.159678582362988664e+01 8.182577053059784333e+00
5.071489068565215774e+01 1.330573497369462288e+01
3.000185139178757510e+01 1.877663886938919546e+01
8.176355368974155269e+00 3.186196373717746866e+01
1.585205458215361851e+00 4.220503460361152293e+01
6.579700241116775317e+00 3.438649092586562972e+01
1.296524087446390539e+01 2.790335047807079150e+01
2.491765617409914668e+01 2.159321461909672379e+01
4.621066421869070950e+01 1.348696380990413957e+01
4.621066421869070950e+01 1.348696380990413957e+01
4.633823977594995824e+01 1.345194089604356336e+01
5.682281497917453095e+01 1.116834661531745354e+01
9.698963031219346931e+01 5.404839112910267751e+00
6.659725752714342661e+01 8.947948809695397188e+00
5.996193583428813412e+01 1.028617011208539722e+01
4.900457852416346327e+01 1.344359963344459530e+01
6.312448498163685429e+01 9.607786873104341652e+00
6.326569339591596020e+01 9.581284213230887303e+00
5.658347523823408665e+01 1.111826440326565901e+01
5.283548141230748740e+01 1.186979427496010331e+01
6.142720876393524065e+01 9.959858723056600027e+00
6.597545381119691399e+01 9.060627571006680370e+00
6.492093054103074223e+01 9.263401922797434906e+00
6.684694538214506565e+01 8.898733560943476562e+00
7.085261383954896530e+01 8.215251234350260390e+00
8.266751957075041446e+01 6.667781706373338224e+00
1.294354062773506939e+02 2.502621745617990445e+00
1.741360459483660463e+02 2.951227198588894374e-01
1.829202464742934922e+02 1.035888834054274066e-01
1.973816571699468909e+02 3.178747709150778200e-02
