4.336549934491584768e-01 3.945058599809376787e-01
3.018589931753025368e+00 2.943278005209424286e+00
1.179489037907232030e+00 1.103201194054854284e+00
2.073797233102143700e+00 2.103276963400382726e+00
7.997409469571181706e-01 8.446313996754026832e-01
2.845358298509222283e+00 2.938060734253605144e+00
4.046075191878220956e+00 4.180547860971325136e+00
2.777092833670381289e+00 2.645060688284257999e+00
3.867994062893096885e+00 4.023304674547014237e+00
7.454422999478650391e-01 7.295048960918116832e-01
1.574175528721315054e+00 1.682502226568690418e+00
2.376223470797457216e-01 3.123981829237191254e-01
2.005253740019659947e+00 2.126895576163390977e+00
3.480459789926524383e-01 2.380125382016931024e-01
2.939641993430484046e+00 2.955200758229151958e+00
4.267010404515513500e+00 4.017093843530866515e+00
3.138979863512166624e+00 2.990474027359004250e+00
8.525309644060686809e-01 1.064645378899983452e+00
4.057519584253022060e+00 4.037234425393437576e+00
2.348300062596436977e+00 2.073427224234561272e+00
3.706308511862763666e+00 3.523461122844946836e+00
2.647809047044551889e+00 2.466749958735007908e+00
1.693389137437975922e+00 1.568725496311189849e+00
3.737968147931491014e+00 3.859186334473619695e+00
1.703955824682963138e+00 1.874105348085402412e+00
4.679503448260765808e+00 4.709323540227694060e+00
1.903210148241340161e+00 1.914705048398085641e+00
3.291562500020846826e+00 3.218089459249815043e+00
9.472839523970546516e-01 1.036928810178051830e+00
1.659531777271060271e+00 1.587003952664267858e+00
4.839585042380595503e+00 4.828321886804261887e+00
3.267022577368395186e+00 3.333652557861312538e+00
4.165860140753841812e+00 4.773859066055590183e+00
2.937961787945579051e+00 3.252567880188012239e+00
2.070504229609758440e+00 2.507779520804953588e+00
4.433936613928476378e-01 6.841728711317593969e-01
1.804130876835568831e+00 1.976243726863578409e+00
3.284386643043594400e+00 3.135539961587163749e+00
9.009829314676974787e-01 6.238601988670905429e-01
3.277487721068549131e+00 2.814208284578064045e+00
1.437712142550979344e+00 2.053194184018745538e+00
2.579513119934518706e+00 2.208601457248160926e+00
6.097346901918159201e-01 4.424617389326579442e-01
2.346364843032947789e+00 1.865951378120898063e+00
8.429809090153452811e-01 8.996822900885158569e-01
1.702012953923531358e+00 1.931279434852972265e+00
1.658922329691192576e+00 1.263686220518236869e+00
1.046028665091855547e+00 1.263686220518236869e+00
1.816599488886822211e+00 1.746369129409647059e+00
1.315550262760060818e+00 1.495490715543793758e+00
1.315550262760060818e+00 1.495490715543793758e+00
2.006688940993001768e+00 1.495490715543793758e+00
1.078360695577406769e+00 1.495490715543793758e+00
1.218291841570612544e+00 1.495490715543793758e+00
1.218291841570612544e+00 2.173756230055582161e+00
1.218291841570612544e+00 1.426833704879528542e+00
1.566205764081695762e+00 1.426833704879528542e+00
1.419739072871306185e+00 1.426833704879528542e+00
1.419739072871306185e+00 2.043995654340496682e+00
3.243579286058825506e+00 2.043995654340496682e+00
2.453034249668900380e+00 2.043995654340496682e+00
