1.699629473977865013e-01 8.275411288714840108e-02
1.668657591607340951e+00 1.720491826368449439e+00
5.147402155302548410e-01 4.692261649475690799e-01
1.485422596112668803e+00 1.437245113886832293e+00
4.589237711122176933e+00 4.608998793588281906e+00
1.134487371327083771e+00 1.026974372295649474e+00
4.581668053018448816e+00 4.452751402408496872e+00
3.274963524712203977e+00 3.474582814133273523e+00
1.009040146647633307e+00 1.136321046308577554e+00
3.932125543231418163e+00 3.757561267156924956e+00
6.999972948029563602e-01 7.648967757888197605e-01
4.173244645355890015e+00 4.138155340103591762e+00
2.261012818681951586e+00 2.395375804310011070e+00
4.979539264995536563e+00 5.031863801448884566e+00
1.622397067271160509e+00 1.663165055342912035e+00
5.518830891292733076e-01 4.882341527401496961e-01
3.908877885020936027e+00 3.769243160460546083e+00
1.503238961289833586e+00 1.456332867958276100e+00
3.362742365464619798e+00 3.407544717164762815e+00
4.319569625911359623e+00 4.250542674546820443e+00
2.299663129585601151e+00 2.166107407879703572e+00
5.297901280931923695e-01 4.037878605458091741e-01
2.856403174171661785e+00 2.871323346276035249e+00
6.994887854103297720e-01 9.116507070908016486e-01
2.861965299320673672e+00 3.046166480573357482e+00
1.445162571078112190e+00 1.351749550854300708e+00
2.588680284738095416e+00 2.346884340225216636e+00
4.381463415575904463e+00 4.457129451866060244e+00
2.887161715989904565e+00 3.101079631897423639e+00
8.027313643973040813e-01 8.869932635544022226e-01
2.342552313246025530e+00 2.581856200424500702e+00
4.025154223176989898e-01 3.981315730242251938e-01
1.365647621210111851e+00 1.309426632931673495e+00
4.285264495298322984e+00 4.285195153384391276e+00
2.920426982858081999e+00 3.148305755853583854e+00
3.769608312195262378e+00 3.940449052872064151e+00
2.858362607875547745e+00 2.908492811831285607e+00
9.727624184658432149e-01 1.037118463964453063e+00
2.342021115674837617e+00 2.027324538809458510e+00
4.586095572516111218e+00 4.627415271466933433e+00
3.481953925694020846e+00 3.946966127525113777e+00
2.000721431526540695e+00 1.547672939281004467e+00
4.122036394722130126e+00 4.079662543960176357e+00
2.959014456880690425e+00 3.272449740027838505e+00
3.821855023997708045e+00 4.094735177213749466e+00
3.167287597300158630e+00 2.760983133696520042e+00
2.215128719516675559e+00 1.921913508172956142e+00
1.821820097678306327e+00 2.491776473282214077e+00
3.159637042697256426e+00 2.919017779860600292e+00
1.661836089391093285e+00 1.824986993388444834e+00
1.661836089391093285e+00 1.824986993388444834e+00
1.661836089391093285e+00 5.766991813290915925e-01
1.716466167740491766e+00 5.766991813290915925e-01
1.724881238129793992e+00 5.766991813290915925e-01
1.724881238129793992e+00 2.337310856369565037e+00
3.204444503119345811e+00 2.337310856369565037e+00
3.204444503119345811e+00 2.760576704386388247e+00
3.204444503119345811e+00 2.336077814721643442e+00
3.109993523988886288e+00 2.336077814721643442e+00
3.109993523988886288e+00 2.195602915468758631e+00
3.061657200620183428e+00 2.195602915468758631e+00
3.209885314223980046e+00 2.195602915468758631e+00
1.928925571649156900e+00 2.195602915468758631e+00
1.466212750980350421e+00 2.195602915468758631e+00
1.880086940317803545e+00 2.195602915468758631e+00
1.880086940317803545e+00 2.425012910582769798e+00
2.183066755649738067e+00 2.425012910582769798e+00
2.183066755649738067e+00 2.040923487322157115e+00
2.183066755649738067e+00 2.428169165616065772e+00
2.066784154396039241e+00 2.428169165616065772e+00
2.720646547339153010e+00 2.428169165616065772e+00
2.720646547339153010e+00 2.613678561824336111e+00
2.720646547339153010e+00 3.107030528954113358e+00
2.720646547339153010e+00 3.103285773700987793e+00
3.572911197754464308e+00 3.103285773700987793e+00
4.212588581818271116e+00 3.103285773700987793e+00
4.027613563433673605e+00 3.103285773700987793e+00
3.814545042086268545e+00 3.103285773700987793e+00
2.590241125541926870e+00 3.103285773700987793e+00
2.590241125541926870e+00 2.671588725845488455e+00
2.083905491545494648e+00 2.671588725845488455e+00
2.083905491545494648e+00 1.779342074608040836e+00
5.766014719698349111e-01 1.779342074608040836e+00
2.010548357326637170e+00 1.779342074608040836e+00
2.010548357326637170e+00 1.604593708504447047e+00
1.925466385741701814e+00 1.604593708504447047e+00
1.925466385741701814e+00 1.402070481534034574e+00
1.925466385741701814e+00 2.042457860211850829e+00
2.472474001381653963e+00 2.042457860211850829e+00
2.472474001381653963e+00 2.429790432964255231e+00
2.472474001381653963e+00 2.514903466287995215e+00
2.317482229214078870e+00 2.514903466287995215e+00
2.617979008012881970e+00 2.514903466287995215e+00
2.617979008012881970e+00 3.027363788762137631e+00
2.682604967957089137e+00 3.027363788762137631e+00
2.682604967957089137e+00 2.435060910101207732e+00
2.682604967957089137e+00 2.693183839701491333e+00
2.366592811749041569e+00 2.693183839701491333e+00
2.366592811749041569e+00 2.552077806087060363e+00
2.364404681570246414e+00 2.552077806087060363e+00
