7.619036521133459861e-01 6.637983476318671805e-01
1.848008843308641236e+00 1.981365071071669703e+00
2.657074328039812361e+00 2.558410008911963462e+00
6.530423585158323663e-01 6.399744779429780150e-01
1.580446744524999669e+00 1.443418069205701260e+00
3.488596223201092528e+00 3.325882577364044579e+00
1.330268739965578151e+00 1.239200309326057958e+00
2.179739604701399713e+00 2.174066840019213576e+00
5.011241610969483951e+00 4.981378687352934875e+00
5.202653160550589906e-01 6.283478623453067069e-01
3.453784134289280328e+00 3.395331734254570133e+00
1.263147816245919985e+00 1.401602697917248008e+00
2.519226147755075029e+00 2.556351907529176515e+00
1.639458132428647463e+00 1.669582435444585844e+00
3.261509918500521410e-01 2.285927604582971284e-01
3.805969914669340426e+00 3.845668666409756131e+00
2.514492872958477232e+00 2.663424702801242994e+00
1.566342412662113714e+00 1.399294922067616298e+00
3.673574886613189427e+00 3.559073899198835988e+00
4.391744676327331121e+00 4.321866064965728782e+00
1.659078702558972829e+00 1.459882074253025408e+00
3.867738596927301931e+00 3.936535425014521028e+00
1.714205491761913169e-01 1.454109288268945477e-01
3.374780829480766631e+00 3.461502780761655185e+00
2.152617131802624595e+00 2.075251787977209439e+00
3.771827411507494787e+00 3.867957826852632230e+00
3.071134341527726797e+00 3.152259084183960169e+00
8.211912053022175639e-01 9.639140255212427233e-01
2.902678568730120645e+00 3.183775729466813864e+00
2.218083417230281462e+00 2.101841028459225935e+00
4.588758209863461168e+00 4.482739438800010134e+00
2.061019268854035857e+00 1.869873463862895768e+00
4.544272340722293357e+00 4.485964230929234020e+00
3.324124556675282172e+00 3.690332430360117932e+00
4.273841114066515345e+00 4.080212848844710471e+00
2.559390460747176910e+00 2.750273019532089247e+00
1.769605178824769753e+00 1.678174611949452277e+00
2.492450065478822196e+00 2.225344671388090667e+00
2.569810532572652795e-01 2.011706755462149276e-01
3.794249189037975256e+00 3.861993358505340534e+00
4.574103204212850216e+00 4.332632517379280124e+00
2.261313618267893677e+00 2.279421138934894397e+00
4.407744285745799573e+00 4.202914197056268009e+00
2.553991077983178926e+00 2.946521085801714346e+00
1.536033326906587781e+00 1.949186318186535649e+00
1.536033326906587781e+00 1.073815790910245038e+00
4.334146316065594640e+00 4.059265705524064849e+00
2.859278179544094911e+00 3.829770998218205769e+00
4.349137614156838083e+00 3.829770998218205769e+00
2.559985010817070528e+00 2.075186786648356652e+00
2.559985010817070528e+00 2.075186786648356652e+00
2.206943377720439248e+00 2.075186786648356652e+00
1.835492508206884477e+00 2.075186786648356652e+00
1.681975531764955845e+00 2.075186786648356652e+00
1.681975531764955845e+00 1.308985783727484975e+00
1.681975531764955845e+00 2.657012346275973158e-01
1.681975531764955845e+00 1.423793208122311027e+00
1.780499222600816944e+00 1.423793208122311027e+00
1.780499222600816944e+00 1.982558528833218148e-01
1.253450262528033043e-02 1.982558528833218148e-01
6.717682078826269221e-01 1.982558528833218148e-01
6.717682078826269221e-01 5.930281312145246897e-02
5.624541048139846122e-01 5.930281312145246897e-02
5.624541048139846122e-01 4.211824305963286497e-01
1.182915457424412065e+00 4.211824305963286497e-01
