3.514003823903348689e+01 1.690190577427093999e+01
4.059910276892310321e+00 3.676844326175229583e+01
1.270767883464080228e+02 2.058494611831846122e+00
6.168006951567990281e-01 4.465805862171094986e+01
5.607454323878198466e+01 1.107705567132482649e+01
1.288452440352007784e+02 1.967801509942401772e+00
2.063451025395163185e+01 2.304927624131539687e+01
1.248135218298605764e+02 2.221834140248558853e+00
1.595446796509064313e+01 2.575922190790426214e+01
5.170237481337994723e+01 1.208352926620200485e+01
1.490456712036752265e+02 9.446129936705086605e-01
7.265814271893403031e+01 7.991292569799753664e+00
1.254913505393252393e+02 2.163005856274623717e+00
4.286995194716017465e+01 1.442180296339323320e+01
8.616512475491526857e+01 5.910391438254796626e+00
3.782727310466805193e+01 1.602275019034495074e+01
1.351271525319997409e+02 1.584870764026619305e+00
6.763310749003713340e+01 8.760205577320206771e+00
1.396937613389164881e+02 1.351263252826113259e+00
2.684844079521285209e+01 2.009804423614242808e+01
1.455293716790882286e+02 1.082334477315408883e+00
1.885542355416239602e+01 2.408930737432046243e+01
9.588790782658054468e+01 4.752091491141746005e+00
2.265230360900118356e+01 2.202932281807975201e+01
1.911022986940619717e+02 2.557967719242517160e-02
2.465065278923677106e-01 4.767013841409361419e+01
2.115139214222085684e+01 2.279298209469492065e+01
6.448816042886417677e+01 9.394472724902549032e+00
2.423877785894427106e+01 2.131982802634141194e+01
1.320510206093657075e+02 1.772997597867687070e+00
1.561309074924706408e+01 2.607270423996036612e+01
9.356603983976626182e+01 4.995901195133146899e+00
1.321254600605160689e+01 2.760455916350431238e+01
5.041738247150284025e+01 1.249168481194520197e+01
1.289569141610741765e+00 4.248394254520253810e+01
1.346050285428955817e+02 1.614580973732278935e+00
7.216223805813618242e+01 8.041002402277735328e+00
2.081954492550169533e+01 2.294070724254606830e+01
5.562973324723523660e+01 1.118212879330581089e+01
2.074889486262312399e+00 4.046096144826798024e+01
2.668770214906810168e+01 2.015211492812279914e+01
1.163947570439175223e+02 2.812185130060454341e+00
2.313681787378681065e+01 2.190263895532460481e+01
1.122226125507865078e+02 3.163940062314568813e+00
1.322471442710401135e+01 2.760094755610374051e+01
1.203546393420294010e+02 2.526182727780250215e+00
7.038020859504629634e+00 3.317627970877907018e+01
1.056094130367159210e+02 3.900367222449952820e+00
3.063909223154593064e+01 1.931507525124876423e+01
1.191444446496409348e+00 4.258290130330819068e+01
6.601965398921342043e+00 3.461335240654734946e+01
9.817474609291476639e+00 3.033269476682824717e+01
7.710490916969671815e+00 3.233614619797448597e+01
4.997931115579346439e+00 3.567624759800524714e+01
4.869389873856232676e+00 3.589908725525612709e+01
5.702347228599887075e+00 3.460397734063765540e+01
4.740534419197055094e+00 3.578951492296536685e+01
8.939580471304335418e+00 3.172985722415686993e+01
1.252744391435818905e+01 2.811250628195566037e+01
2.032310336307856602e+01 2.371863224118693836e+01
2.832661017348007704e+01 1.945166336574897059e+01
2.548956325281015367e+01 2.076623742474331635e+01
2.793062621953957603e+01 1.962167641985248778e+01
2.522256131074392727e+01 2.090288173014297257e+01
1.757450995982273412e+01 2.491688906538978543e+01
1.815270619341456637e+01 2.462410153494782605e+01
1.592792618805787086e+01 2.582042207432308700e+01
3.210407367755841790e+01 1.899559670128891398e+01
1.765590918957691713e+01 2.470336504793856491e+01
1.311705927339570721e+01 2.801120938988646003e+01
1.472183202806635727e+01 2.665699689403771089e+01
1.070254310512460094e+01 2.959332864985634615e+01
6.177973015912659349e+00 3.457852000316059105e+01
6.579694314362980023e+00 3.422267199787627590e+01
7.241343730171299953e+00 3.317130237814635763e+01
7.369022235456472281e+00 3.299075727600864383e+01
1.468818766303071399e+01 2.691394287897853133e+01
1.729206330003875536e+01 2.496770986734495779e+01
1.824800697722410803e+01 2.436814837232876130e+01
1.812541962901480375e+01 2.443652152883831263e+01
2.010099907731990498e+01 2.340494776538780641e+01
1.612937494008211559e+01 2.565005456439781284e+01
1.478608485487790070e+01 2.659887048707677337e+01
