4.777636183513537915e+00 3.000000000000000000e+00
4.590553860478917336e+00 3.000000000000000000e+00
4.360067251216841910e+00 3.000000000000000000e+00
4.229139072718639092e+00 3.000000000000000000e+00
4.031098003581191414e+00 2.998465408607674298e+00
3.790216152890911960e+00 3.000000000000000000e+00
3.812158255108801352e+00 2.899084264596024862e+00
3.616922820189959253e+00 2.928101148708361023e+00
3.412993403264561021e+00 3.000000000000000000e+00
3.491782918922192280e+00 2.749095118364412116e+00
3.227413643418777678e+00 2.925059763507984911e+00
3.030826381772242062e+00 3.000000000000000000e+00
3.367903888615974228e+00 2.593187871598260141e+00
2.977229435892014386e+00 2.882741348454643138e+00
3.032321556239737426e+00 2.667113569202798740e+00
2.645041436084371700e+00 2.969915761255837339e+00
2.898671231462659481e+00 2.700458254699594995e+00
2.800383324083312253e+00 2.742029317498863250e+00
2.687459690613161367e+00 2.844210216990960216e+00
2.969175135549807720e+00 2.498821175938915840e+00
2.707491300733991579e+00 2.725235681475238980e+00
2.950291197158208867e+00 2.370569576672540091e+00
2.388926671366943921e+00 2.817311573834644811e+00
2.807502314008734512e+00 2.324554757367106816e+00
2.623664257497968499e+00 2.380217405513142648e+00
2.681087730555449244e+00 2.194090628468533311e+00
2.681022581141546013e+00 2.069331523762702130e+00
2.092368446556215567e+00 2.617959138787937512e+00
2.673487749893110443e+00 2.013708977652630683e+00
2.527196896544767313e+00 2.100816553417826693e+00
2.082187534641483317e+00 2.542451349457505394e+00
2.565424841711132942e+00 2.031949207747024921e+00
2.188013972882138614e+00 2.342167157938797040e+00
2.380669078389875182e+00 2.124287698173102257e+00
2.057245401758988734e+00 2.426848735446102800e+00
1.963382030441664483e+00 2.479085621609660173e+00
2.434974722228449906e+00 1.996043839829923172e+00
2.114188308261073068e+00 2.277932383518885828e+00
2.404176117749420971e+00 1.963672696296910880e+00
1.950337208031696523e+00 2.410317648562266157e+00
2.492080767564387678e+00 1.832479067238445891e+00
1.780779603556450930e+00 2.501100661127162894e+00
1.924391082431241573e+00 2.264501290546116152e+00
1.965750638101235737e+00 2.146060692677975723e+00
2.215336973780890339e+00 1.829172722595629352e+00
1.810684383018762444e+00 2.188365931801822484e+00
2.138485396370240821e+00 1.804155491817427848e+00
1.928651811869940280e+00 1.970996372800274177e+00
1.772168561731148673e+00 2.103504376182863567e+00
1.925197433818958803e+00 1.916021850726397968e+00
1.635278857570598765e+00 2.157877043434462738e+00
1.861737707694010036e+00 1.888941204753673997e+00
2.006598808710859050e+00 1.693380482240753437e+00
1.425170422466959685e+00 2.204250654274147792e+00
1.604202776973443267e+00 1.963810948277051160e+00
1.786283553749223429e+00 1.724798152751429114e+00
1.905680195876456207e+00 1.494959089532342578e+00
1.563287719009339716e+00 1.803509716056011403e+00
1.735342024153594842e+00 1.611115172518657435e+00
1.726899365128991004e+00 1.500216812598449412e+00
1.505387846668255758e+00 1.670042121405105107e+00
1.554338995614736874e+00 1.569533061730238099e+00
1.399774994833555830e+00 1.685673194935388253e+00
1.566704108149227892e+00 1.496654588291167709e+00
1.434771781315633987e+00 1.543646003942423350e+00
1.541949047121922156e+00 1.404645179678717826e+00
1.556087220966626550e+00 1.228134764848173077e+00
1.240243379263477497e+00 1.517212947778745491e+00
1.416981458512799108e+00 1.272643833339719865e+00
1.583959636182505459e+00 9.492981569061731406e-01
9.766663913344242332e-01 1.501366098945897232e+00
1.525838582012836175e+00 8.928970185115652214e-01
1.177740641095243790e+00 1.211876790315760788e+00
1.357656172294098296e+00 9.809067493490930545e-01
9.554711993983996399e-01 1.340832810200983216e+00
1.350096649359279866e+00 9.406702834237442579e-01
9.234014661887035569e-01 1.321769930759682632e+00
1.339708672311937798e+00 8.884012818182442928e-01
8.914018812846064010e-01 1.310759379262477875e+00
1.045691202056707292e+00 1.127592797070061437e+00
1.238753170564885764e+00 9.015731335285432912e-01
8.414922439899171769e-01 1.267084194055433377e+00
1.070557406560186386e+00 9.865880904515259564e-01
7.798789673657979815e-01 1.227711851212541339e+00
9.366357897325432447e-01 9.798700083721927356e-01
1.184103810768729392e+00 6.440657496541541960e-01
9.898851720470613902e-01 7.816121623596217205e-01
6.664034246938438377e-01 1.006598360316754537e+00
9.056940915047256846e-01 7.245862676091010535e-01
5.822347230320482625e-01 9.862566480807457570e-01
9.582974502289655083e-01 5.628089493951705657e-01
4.704293064740364683e-01 9.806257658965894519e-01
8.441861242341788252e-01 5.891842227473572668e-01
7.045429049711521285e-01 6.540796310042751305e-01
8.065581288593598464e-01 4.413664500084184539e-01
5.169998732717274725e-01 6.824002386987884083e-01
6.407886151786512663e-01 5.534869004374263213e-01
3.017901709235731866e-01 7.819433184856586783e-01
3.805236800142824949e-01 6.710371523987301856e-01
4.416442045987512000e-02 3.271118696951280658e-02
