1.343033653569599437e+02 4.001814531606146197e+00
1.284757308113060503e+02 4.036781437698500952e+00
1.204972219338464328e+02 4.163120246936638402e+00
1.128544638176610988e+02 4.380277096400734038e+00
1.062353996974005810e+02 4.655568520204544036e+00
9.845094498851781850e+01 5.202465962002380095e+00
9.604283745617075851e+01 5.267052639305554784e+00
9.551127609124694118e+01 5.526407499887363350e+00
9.306193198233142994e+01 5.527611268334412742e+00
8.344544876275675449e+01 6.489689721807319067e+00
8.037388465053385289e+01 7.000325482889991235e+00
7.891462601142274025e+01 7.089731181747905175e+00
7.746708045332903225e+01 7.169301092720935742e+00
7.640546056948916487e+01 7.425724654846844075e+00
7.424193219322008019e+01 8.060160064533874902e+00
7.045422419052843566e+01 8.264420433808155053e+00
6.658710783556770707e+01 9.032187636529204866e+00
6.657737484810257911e+01 9.408276447863059389e+00
6.440306260028015117e+01 9.414765954726728836e+00
6.178336033322513288e+01 9.880185123333614428e+00
6.027555914044170748e+01 1.028219229281440761e+01
5.909066056984063664e+01 1.044611933342219423e+01
5.790433037091724344e+01 1.077570579163841202e+01
5.437279318834359287e+01 1.147450840964293661e+01
5.345583362405842820e+01 1.166877678671187013e+01
5.165554019005361397e+01 1.215636778416961228e+01
5.017589174187965284e+01 1.261555639238941495e+01
4.957656718274216701e+01 1.263426052821330714e+01
4.921569945342467634e+01 1.283067648161211949e+01
4.775031173629328407e+01 1.307555015692149603e+01
4.744874942812714380e+01 1.325022263610998507e+01
4.636252844003857376e+01 1.362703016589908245e+01
4.486724680793818720e+01 1.393233866251744857e+01
4.460924005135588288e+01 1.407610000188132204e+01
4.411336462579667739e+01 1.415637630581942474e+01
4.324143605846955296e+01 1.452392574956853721e+01
4.289144874211407910e+01 1.458865870594084768e+01
4.128913340532154308e+01 1.490252515562414004e+01
4.128357782346314764e+01 1.500061163476199155e+01
4.123617214395535768e+01 1.504781814781555127e+01
4.067304848355777835e+01 1.533151070871474175e+01
4.040473769129902593e+01 1.534614573111209879e+01
3.946130434521172958e+01 1.576247978880806677e+01
3.789034157152910609e+01 1.595581690930474039e+01
3.778563346391734257e+01 1.631105075824176964e+01
3.704275510192685061e+01 1.636074425570629387e+01
3.664050941938875638e+01 1.662632956463364664e+01
3.634523281769915570e+01 1.674803478064687567e+01
3.555672754035921912e+01 1.681839979456003675e+01
3.540962234787572527e+01 1.684352347064545796e+01
3.389681537548846535e+01 1.749917340207429817e+01
3.346712371008742792e+01 1.768989090174458312e+01
3.198585674620119335e+01 1.801700698798330791e+01
3.129098803674511231e+01 1.840010941665244815e+01
3.004583995190657220e+01 1.912423355680610015e+01
2.904173842192241395e+01 1.919773429836615364e+01
2.878385665864279019e+01 1.926085714230011803e+01
2.747938148761397770e+01 2.001978028571346613e+01
2.695901931659829387e+01 2.002827816106764658e+01
2.649273720331825643e+01 2.023989961532200255e+01
2.647163981278966816e+01 2.066710289977249460e+01
2.530400167725969141e+01 2.085384254557961725e+01
2.528888660252188458e+01 2.105443046714672306e+01
2.500229763865334931e+01 2.111013772108091402e+01
2.279285777774073551e+01 2.194674532647253073e+01
2.219641215895435238e+01 2.257902465334759157e+01
2.208797531723647722e+01 2.288362665206776114e+01
2.176892295114186382e+01 2.315358633159446455e+01
2.061339161813934595e+01 2.330068011317963084e+01
2.030007757624777298e+01 2.331730247477091922e+01
1.889231628416017728e+01 2.420389735167958989e+01
1.853797656293785678e+01 2.446549216470624089e+01
1.832835442743356325e+01 2.492445431475529460e+01
1.700342059694053276e+01 2.512431119162827287e+01
1.631987914161477704e+01 2.551467979004038256e+01
1.603157633783243341e+01 2.600344629095196325e+01
1.565898781467795153e+01 2.657304571025493800e+01
1.504488747789273795e+01 2.665688687691247338e+01
1.503590342369409072e+01 2.709669717053688132e+01
1.484431343382446933e+01 2.727158578111936293e+01
1.368289792123738380e+01 2.748778608082233177e+01
1.334167326806596598e+01 2.751459199173500281e+01
1.286348269187303472e+01 2.796861752988969130e+01
1.268763390237097965e+01 2.804687966984375436e+01
1.253029769521434922e+01 2.822116966148310979e+01
1.080073313072055186e+01 2.964800021341771696e+01
1.004768059869802599e+01 3.013143381636668749e+01
1.000780822467107711e+01 3.049161941827047784e+01
9.831454003585744061e+00 3.093384652266532697e+01
9.349218406503050360e+00 3.107865083205659218e+01
9.203117520858462797e+00 3.128602313079610653e+01
8.456171113632528602e+00 3.156161123062447871e+01
7.927110613818959095e+00 3.221955172916251087e+01
7.911410672324018734e+00 3.309501605162911630e+01
6.840357487537059633e+00 3.350340469250149766e+01
6.677195832102050588e+00 3.369070115123524545e+01
6.512740241767139615e+00 3.409708252256708505e+01
6.257668756181152148e+00 3.415070014230915518e+01
5.733050121477534233e+00 3.451277082399873564e+01
1.597666829412303091e-01 4.748374434304759006e+01
