5.000000000000000000e+00 3.000000000000000000e+00
4.663586935824555191e+00 2.982359202302108603e+00
4.723430237330727088e+00 2.837383380605128735e+00
4.259288668202373174e+00 2.942240616303363421e+00
4.007504832971401143e+00 2.991174898640704516e+00
3.820800864849076106e+00 2.978063768070867479e+00
3.681633650618304276e+00 3.000000000000000000e+00
3.778869345350848175e+00 2.825428187345246922e+00
3.471227658902553692e+00 3.000000000000000000e+00
3.325607605117063326e+00 3.000000000000000000e+00
3.356788739734967386e+00 2.894412929862911099e+00
3.206189235376496249e+00 2.984096657507047556e+00
3.307677721957053230e+00 2.838224728738977021e+00
3.434843544777341329e+00 2.673065871336888222e+00
2.981716309605100257e+00 3.000000000000000000e+00
3.203729349961993655e+00 2.663470922454844292e+00
3.280293955848949672e+00 2.566586995848108010e+00
3.190894059760858603e+00 2.605510165459500982e+00
2.927777250576235613e+00 2.803131133650889506e+00
2.746288656438862663e+00 2.944564695511696417e+00
2.907096845554618003e+00 2.644386430402837718e+00
2.780587417208883139e+00 2.759163664969889851e+00
2.501912146413856508e+00 3.000000000000000000e+00
3.110078666692646987e+00 2.358823844814991411e+00
2.756518139408179913e+00 2.615090194797168088e+00
2.530994607289100973e+00 2.787738278654745550e+00
2.897483965709136022e+00 2.328769478137202142e+00
2.799429285580728788e+00 2.365253320005296089e+00
2.474332124936022392e+00 2.610609468487322893e+00
2.238657125204399634e+00 2.787702724124061948e+00
2.629229078391973395e+00 2.320171015547722426e+00
2.553511324051136455e+00 2.261813014675633227e+00
2.227840428316190557e+00 2.522467431392228399e+00
2.347862921808738790e+00 2.383508151384620355e+00
2.158175211940835947e+00 2.515164054718679765e+00
2.590282780274358210e+00 2.053038937688905996e+00
2.301618419782278213e+00 2.287743682162071135e+00
2.181531074810068471e+00 2.306110047384800410e+00
1.976596470948774442e+00 2.433969019593335226e+00
2.356841195138612122e+00 2.007932933081818749e+00
1.852056706014245879e+00 2.436982502875869372e+00
2.417259808942572086e+00 1.852697463348399687e+00
1.933021066902420593e+00 2.300904978669771062e+00
2.033221176221946092e+00 2.070144638117413560e+00
1.927688203820903778e+00 2.085107987786564809e+00
2.230457146272672997e+00 1.706425007646829251e+00
1.838450887251040777e+00 2.022784556404759293e+00
2.039482300288522953e+00 1.795147094541602151e+00
1.922840429100758364e+00 1.903339690592184219e+00
2.151488213616700396e+00 1.593328237006630843e+00
1.695211487128395866e+00 2.025982951824502720e+00
1.816053813250224636e+00 1.877939781835285649e+00
1.671137974571600404e+00 1.914926027521424601e+00
1.855733744513820005e+00 1.662237823482300758e+00
1.756539315331063111e+00 1.710547399051146833e+00
1.599651567597106361e+00 1.799463949901372484e+00
1.860908380391987693e+00 1.500576401746080535e+00
1.543457036628457679e+00 1.799458380041107919e+00
1.705818667291462809e+00 1.589927689813471767e+00
1.342967042261414834e+00 1.874205590881831140e+00
1.753173486812652504e+00 1.445897505957386642e+00
1.549257132651001845e+00 1.513665543046192719e+00
1.657237740006579862e+00 1.368209173862179995e+00
1.259264749857377907e+00 1.694229139108353044e+00
1.439999150276569218e+00 1.462278120777245061e+00
1.557164396686633534e+00 1.288535654345981385e+00
1.393666051716931253e+00 1.398850127962306900e+00
1.546638340305158010e+00 1.216120966050035612e+00
1.195191492831638724e+00 1.516660402756052406e+00
1.263073659676956506e+00 1.415082415158982476e+00
1.456296457252556076e+00 1.190200682949595690e+00
1.110147225609595667e+00 1.481612222841532711e+00
9.025069388198802001e-01 1.610880813345654250e+00
1.244471274779435532e+00 1.227666479311856129e+00
1.429448823341800123e+00 9.513061756779032097e-01
1.090755523780593261e+00 1.252754097942783362e+00
1.113087536199014460e+00 1.146037781790521848e+00
1.349172538803540489e+00 8.379907321239240536e-01
1.168267961703813418e+00 9.565404705720872425e-01
9.657714506520537201e-01 1.157844795144728156e+00
1.116757114331434764e+00 9.438374827409120593e-01
1.273733725869904854e+00 7.038722712389831049e-01
1.046872483983593671e+00 9.080012021199951322e-01
1.111722325144180346e+00 7.563963919485429122e-01
8.096306905787808983e-01 9.987045743073791337e-01
8.268242724373747743e-01 8.827391484953988066e-01
9.347473443185607689e-01 7.133134672661476383e-01
8.201368768168293411e-01 8.127158624337782467e-01
6.924315063016860394e-01 8.811342869390385024e-01
8.696205636392265736e-01 6.654831574665870386e-01
7.008771587459522445e-01 8.032322709434391861e-01
7.082710947380086441e-01 7.020040218840211121e-01
4.958333869442527186e-01 8.577565972639585867e-01
5.672290125847700981e-01 7.601308360486344062e-01
6.835167407453766053e-01 5.556765153496493470e-01
5.788111404444223895e-01 5.984967639959511976e-01
4.247197519450529590e-01 6.751148129307802392e-01
5.529175026567340057e-01 4.683255680225478779e-01
3.752857473942289301e-01 5.839995780889889465e-01
0.000000000000000000e+00 0.000000000000000000e+00
