1.273032300080712105e+02 4.049445666882425243e+00
1.202927389838315690e+02 4.167646141168718010e+00
1.120407457405343479e+02 4.409513922965168753e+00
1.075424691855818793e+02 4.594226569209079791e+00
1.009621836843722207e+02 4.944911799204397163e+00
9.346295394254073585e+01 5.463576956726065248e+00
9.174896054088982567e+01 5.824814938174192491e+00
8.662362809711244438e+01 6.205667335294909215e+00
8.259409588290964166e+01 6.518589938081800206e+00
7.900028769076730839e+01 7.341291549825783136e+00
7.588869378327623849e+01 7.447439376551432844e+00
7.274363422578647942e+01 7.877644738724200124e+00
7.226959976143565711e+01 8.456482338216570582e+00
6.869637118412791210e+01 8.574384952565401008e+00
6.523387524584749997e+01 9.314117557036514228e+00
6.326657531023646186e+01 9.667071854157024191e+00
6.277907877393774072e+01 9.703474831861889527e+00
6.144348615930873336e+01 9.936745124005428309e+00
6.124788538842541641e+01 9.995272271065138270e+00
6.024043301955185825e+01 1.038014514000072808e+01
5.902967465254420176e+01 1.043014884104374573e+01
5.729527306349856985e+01 1.111521052756715378e+01
5.457686058092395598e+01 1.158183269321510167e+01
5.314249625264979215e+01 1.196505334940403387e+01
5.019619613432033134e+01 1.251023240346897225e+01
4.800906041947365566e+01 1.325048151462858748e+01
4.588006014331577376e+01 1.396647398678646290e+01
4.492686307402939860e+01 1.412843991506581887e+01
4.481024238202931542e+01 1.433059332004991759e+01
4.320061738007943575e+01 1.452001984539391799e+01
4.319825517509867296e+01 1.455317495278478290e+01
4.284088880532941346e+01 1.473648170675077651e+01
4.109260856501832393e+01 1.497134083304522534e+01
4.072073394164509352e+01 1.513061571978150077e+01
4.048741371117940702e+01 1.528091205574393641e+01
4.000293806693195364e+01 1.557605799621974185e+01
3.965317163365800468e+01 1.560310728783077039e+01
3.863507258668740008e+01 1.573756122887226283e+01
3.854429305335462885e+01 1.595758512287534003e+01
3.845378556801441761e+01 1.600689782606397671e+01
3.827378433572556560e+01 1.632284773590305349e+01
3.770672205413360700e+01 1.660787786669726529e+01
3.532498853210364587e+01 1.694232340325233466e+01
3.387900827141154991e+01 1.735163876006077288e+01
3.301436302595432437e+01 1.780849379272338240e+01
3.227009354551557863e+01 1.807702023817304493e+01
3.131238731657508367e+01 1.840168794726708512e+01
3.041809805208416151e+01 1.860804266631889448e+01
3.026124828723482452e+01 1.880858269266858684e+01
2.951009956657646072e+01 1.896533204619054658e+01
2.932228110639544383e+01 1.939901126654824282e+01
2.813666466906403230e+01 1.952737704278916908e+01
2.757590494701506145e+01 1.989418332723764138e+01
2.755932671977064530e+01 2.059562091253158655e+01
2.572007996088846937e+01 2.074988273771717218e+01
2.466295040851878895e+01 2.105492053712317357e+01
2.346607875332439619e+01 2.186012683424311120e+01
2.278606315325543363e+01 2.202854143766034412e+01
2.242841615965327406e+01 2.214253207319079664e+01
2.093132760834385309e+01 2.296167012481155822e+01
2.022093302465500742e+01 2.330093357543014321e+01
1.951761498061169675e+01 2.364068317170317357e+01
1.920345662513984308e+01 2.394638225859551994e+01
1.877814687657868831e+01 2.406094975474071873e+01
1.776565219978819954e+01 2.465723519736647518e+01
1.740253977885944536e+01 2.488469267670846108e+01
1.571888975953726586e+01 2.608750258173632020e+01
1.536055507485744087e+01 2.626557549829212945e+01
1.450983512122670405e+01 2.673120586178148628e+01
1.364038047904348971e+01 2.807751718887408643e+01
1.283190961210491388e+01 2.842765250022301160e+01
1.250179385610313965e+01 2.893809245878177094e+01
1.142287349037386512e+01 2.895954405848342361e+01
1.122163333234746574e+01 2.941977911665495071e+01
1.084303135116512884e+01 2.974771774179745520e+01
1.083048617891064680e+01 2.979995221689742380e+01
1.039898407047961548e+01 3.014803204813603799e+01
1.033630465681645916e+01 3.030297662290229255e+01
1.005074985712916735e+01 3.049107485881144797e+01
9.459742424252343795e+00 3.063209561479540355e+01
9.389374130740133495e+00 3.094408049175073927e+01
9.254446206081173187e+00 3.122784717106679153e+01
8.477796883846641762e+00 3.154799425084453901e+01
8.461950373389074187e+00 3.203957940756387046e+01
7.349727343660903855e+00 3.267237385486787105e+01
7.267690098218378303e+00 3.353522692032575492e+01
6.363160904748495383e+00 3.387581688212029007e+01
5.829335133744249831e+00 3.472731593333008249e+01
5.381228186377033040e+00 3.504250345545598577e+01
5.246797794350695376e+00 3.562678573745973409e+01
4.940351666538528974e+00 3.602402392039327594e+01
4.731722500519662589e+00 3.667237990142365334e+01
4.239153042735727794e+00 3.672608479086856903e+01
3.696803474559514413e+00 3.733797550888560579e+01
3.381361433688581997e+00 3.836609456974436227e+01
2.931835818956582962e+00 3.873895783503399315e+01
2.867831193193612460e+00 3.877420264213762380e+01
2.810050642361775264e+00 3.986517776649812816e+01
2.380356523804034730e+00 4.007948080682088232e+01
1.208207115004424244e-02 4.923426444349362896e+01
