1.360000000000000000e+02 4.000000000000000000e+00
1.225740380781981287e+02 4.184048138282895124e+00
1.214461506218575977e+02 4.753401476105839407e+00
1.071932792132093653e+02 4.783026958244975368e+00
1.000288890421894621e+02 5.020424944426309821e+00
9.386953222211160153e+01 5.478736726328465423e+00
9.021770534946024611e+01 5.738089831182019651e+00
8.905159188430958750e+01 6.219922644116445021e+00
8.419768583972040688e+01 6.337144870904566574e+00
8.023866377284980445e+01 6.803589892041816078e+00
7.858262740707628780e+01 7.133640155790287096e+00
7.673792909755542269e+01 7.281623345553416726e+00
7.598500609262576688e+01 7.537227016196137441e+00
7.577372531841844250e+01 7.864337168462313343e+00
7.156252860386022974e+01 8.073469054914056642e+00
6.943183641028143427e+01 8.685956378401977318e+00
6.939078897614307095e+01 8.878887727065190916e+00
6.788195249171971568e+01 9.006445870726334846e+00
6.571769512573865768e+01 9.120339939163411458e+00
6.485025052215465280e+01 9.304029111033072397e+00
6.177596665092909234e+01 9.929158903157716765e+00
6.137860205932176427e+01 9.947139693042711173e+00
6.103825755349276250e+01 1.024044292423462466e+01
6.094655697553797324e+01 1.054761412880810845e+01
5.774835591924249911e+01 1.072100563775714477e+01
5.670967364961373391e+01 1.099008955296496914e+01
5.527432245537983135e+01 1.155604617538157619e+01
5.372491037105241674e+01 1.178440153690285541e+01
5.175040504578429790e+01 1.208818532721262073e+01
5.113148880926857487e+01 1.251927370903252701e+01
4.918415635219862025e+01 1.280203814865269685e+01
4.654487278165385788e+01 1.348297480814576765e+01
4.530445966589829254e+01 1.382303631939038446e+01
4.477428562928479039e+01 1.387986067538760615e+01
4.393508187033913259e+01 1.425037780098962514e+01
4.369813504581060215e+01 1.449131658182000848e+01
4.212487402221417199e+01 1.463759748611004952e+01
4.030888552404439906e+01 1.520081015906241007e+01
3.932455518922915871e+01 1.572548389188619566e+01
3.834598033142782469e+01 1.593875380065264835e+01
3.747599104646189971e+01 1.647860567271432330e+01
3.710253149850669985e+01 1.657606015171695546e+01
3.612293666382364421e+01 1.669147371023399629e+01
3.367794869665452495e+01 1.738582903077003294e+01
3.225462852752639975e+01 1.793569521580691273e+01
3.154730155232526911e+01 1.851800384888629480e+01
2.988623610585495172e+01 1.885920458990573678e+01
2.952816457692528473e+01 1.903574719593007103e+01
2.928006917427175892e+01 1.905821609663851390e+01
2.867038561669695440e+01 1.971943189794092888e+01
2.791339562870237145e+01 1.976640451764660611e+01
2.729883710728096702e+01 1.988477332596513492e+01
2.583857528373701840e+01 2.059900380000400588e+01
2.482712924936983967e+01 2.102706663238124918e+01
2.404561108281745163e+01 2.134053562688226435e+01
2.318782257884211617e+01 2.180580046972573882e+01
2.285883815076137893e+01 2.209986171630966467e+01
2.248124034167227592e+01 2.219115591872241211e+01
2.175074953806250022e+01 2.248022381346628151e+01
2.126482829397234653e+01 2.314448074206062955e+01
2.065694749038650002e+01 2.317352694489623133e+01
1.876552415710131783e+01 2.406215428230338205e+01
1.847373308137098036e+01 2.436396413165514829e+01
1.782464034414878284e+01 2.492122119637988575e+01
1.684741942120428959e+01 2.518908214476293139e+01
1.634034036331709672e+01 2.562808458050312410e+01
1.559634697683368998e+01 2.597392494741604096e+01
1.548416143907346232e+01 2.624344729621643069e+01
1.491496592730108972e+01 2.661022252594835891e+01
1.439125324584767540e+01 2.681625256310253036e+01
1.414950814840011972e+01 2.707240563507851761e+01
1.371040656560844084e+01 2.751000715689082554e+01
1.363782307769275093e+01 2.827557824776784301e+01
1.222349495270848507e+01 2.833449619726420465e+01
1.179322951374469852e+01 2.914075738823914463e+01
1.103656177028125285e+01 2.932404422533655008e+01
1.020946584213172770e+01 2.996111328063756929e+01
1.008998002634872471e+01 3.065086229731253553e+01
9.119278808743411346e+00 3.103173537942684135e+01
9.093276258153238700e+00 3.103715660657049114e+01
8.551902584946297736e+00 3.153202967551310110e+01
8.471335114550218037e+00 3.234177380754867670e+01
7.681632723093342996e+00 3.237167131973744461e+01
7.232248119907024986e+00 3.312687485904952922e+01
6.611650727478227907e+00 3.356956003300794578e+01
5.851467127111903643e+00 3.436723257245023433e+01
5.530274801175421473e+00 3.490196058444676908e+01
5.332526279065372243e+00 3.500460417726026208e+01
5.023436090155159128e+00 3.552020109013155036e+01
4.796431030303617504e+00 3.584807054651776781e+01
4.545643490947012921e+00 3.609531657584282982e+01
3.977830361530873660e+00 3.689170642416242174e+01
3.926388511033815476e+00 3.744569728567633859e+01
3.598190562519556934e+00 3.762594915429585285e+01
3.103886098361245516e+00 3.838403896364005163e+01
2.772882851264792947e+00 3.892014166841246947e+01
2.544667513323318531e+00 3.963782122957249499e+01
2.100186409631206175e+00 4.031261589561498226e+01
1.927579597621448482e+00 4.088904164457318302e+01
0.000000000000000000e+00 5.000000000000000000e+01
