1.104379745045706684e+00
4.826000145554770526e+00
1.460635837297181716e+00
4.598859456846685845e+00
1.294061584018033617e+00
4.949459288250261046e+00
1.435477332634067515e+00
4.859973647544687303e+00
1.511571401832705330e+00
4.770736169681323524e+00
1.407984614730671602e+00
4.620494335419579990e+00
1.295857659064044931e+00
4.205994458617134057e+00
1.118873398650344742e+00
4.901872929203983098e+00
1.314383508329813210e+00
4.980701727457441663e+00
1.444363622399450264e+00
4.847482097048750660e+00
1.273562107323430892e+00
4.851560565479876352e+00
1.278277373236957004e+00
4.544771311669040692e+00
1.471708964092585337e+00
4.724250231023612301e+00
1.462521616034598848e+00
4.903668765659368489e+00
1.095479004520814925e+00
4.749984672159634158e+00
1.149265089316045652e+00
4.865956393168030303e+00
1.137541720616196184e+00
4.896016382751112062e+00
1.553819897207139533e+00
4.847887924258315273e+00
1.078935345412803892e+00
4.574934319786534864e+00
1.089941437790391987e+00
4.533301027557433471e+00
1.292315958088582128e+00
4.542732946800573934e+00
1.429660604913112198e+00
4.443326603265326469e+00
1.137793209858616317e+00
4.799459381161817362e+00
1.107240096585190514e+00
4.834204813418363500e+00
1.051649651571387567e+00
4.842169703275142290e+00
4.842169703275142290e+00
4.462646408885399651e+00
4.352951007176931064e+00
3.860733459850229199e+00
3.936621339449803969e+00
3.946665566632433286e+00
4.044782378962881175e+00
4.769312874676288061e+00
4.171582363262032800e+00
4.376222459051550828e+00
4.706888802242177761e+00
4.657743934178705913e+00
4.120467668616678125e+00
4.137339961447824344e+00
4.773253650307102802e+00
4.826745442732440772e+00
4.320840870051409155e+00
4.394204778339490858e+00
4.497699855177985206e+00
