-1.235168638312122980e-01 9.756357598637972472e+00
9.202352095074273208e-01 6.362421802324012832e-03
-8.711176269981355524e-01 1.498555168205567689e+01
8.341090964468484970e-01 2.751979188168101470e-02
-6.207211472469142954e-01 1.310962162612101167e+01
6.751262931204689011e-01 1.055429254216474905e-01
-7.582877093160331761e-01 1.412472650599595525e+01
4.929502880631009276e-01 2.570994103752923254e-01
-5.554175757331885066e-01 1.264099413783246284e+01
9.355464302211409233e-01 4.154262657238255718e-03
-5.448074081873595098e-01 1.256565956113998439e+01
8.618076029772785418e-01 1.909713859488547383e-02
-9.613823324304506812e-01 1.569254998369211762e+01
8.060245592196908504e-01 3.762647162591522404e-02
-6.594370181537212439e-01 1.339147928983379821e+01
8.324132135524857645e-01 2.808533099180474113e-02
-9.695905609851345197e-01 1.575764922186227501e+01
8.315205097012734470e-01 2.838533865131869297e-02
-8.713977862411672604e-01 1.498772081931300981e+01
6.751966866102687703e-01 1.054971923889479607e-01
-7.451779801128624037e-01 1.402635810272225925e+01
4.615853233077249484e-01 2.898903640776470669e-01
-9.006390673204518471e-01 1.521498513350656445e+01
8.370538917775043330e-01 2.655143418485727061e-02
-9.394969926970739849e-01 1.551963655546929033e+01
5.523803034968945980e-01 2.003633926975321999e-01
-6.219557605566223835e-01 1.311856353142930054e+01
8.428728089783863453e-01 2.468895415834266791e-02
-1.817365113642814833e-01 1.012344722774854766e+01
9.690390439403904210e-01 9.585808001250751371e-04
-8.930481352756940439e-01 1.515582378357355786e+01
9.054563710913132724e-01 8.938497767223465423e-03
-2.208864058560076060e-01 1.037410923942803009e+01
6.688212694006541170e-01 1.096793516013941233e-01
-6.592906575794517110e-01 1.339040811664825625e+01
5.914897627648150191e-01 1.668806139259471077e-01
-8.558786146274530715e-01 1.486779989074132757e+01
4.623479340184122321e-01 2.890697440542696062e-01
-9.613111760243970849e-01 1.569198623329579156e+01
7.833358817535440721e-01 4.694334013551423879e-02
-3.831990917491618909e-01 1.144603609441235470e+01
4.955837372901514826e-01 2.544357660861709114e-01
-7.388438649971269534e-01 1.397895344682665453e+01
6.684450756018698314e-01 1.099286678926498090e-01
-5.496061451821776522e-01 1.259970378591507867e+01
8.921336406813509257e-01 1.163515147265991277e-02
-7.742595135005947427e-01 1.424503487524974688e+01
5.566770669251388526e-01 1.965352229900978187e-01
-5.601720452510625670e-01 1.267482499178713340e+01
1.957413567061738746e-01 6.468319653128258295e-01
9.583161878556323288e-01 1.737540194886933722e-03
9.364243746588272188e-01 4.041860137521171084e-03
1.085518445627418060e-01 1.228887192083457203e+00
4.483623958483740068e-01 3.043040463141460372e-01
3.039529618403378208e-01 4.844814793308382384e-01
4.979671027513994375e-01 2.520370299198239072e-01
1.173555005579798305e-01 7.790613123952543351e-01
4.292805736967819641e-01 3.257206635598743349e-01
-5.702811229379385338e-01 1.274690729680698809e+01
-6.744864295504915397e-02 9.409241177166771664e+00
1.246445154125108701e-02 8.925368653304717625e+00
-2.437760712636076743e-01 1.052208320050236701e+01
5.353832761165033816e-02 8.681636386853551102e+00
-1.386185845491196833e-01 9.850926619277117879e+00
-2.269602889020823078e-01 1.041327270615101064e+01
7.608362516322992875e-01 5.719929853328886704e-02
1.567146461282398207e-02 9.689026655774630736e-01
-8.274786903951980577e-02 9.503334424067700681e+00
-7.916561215450641509e-01 1.437665614405016079e+01
-2.386840533047094315e-01 1.048907439713022072e+01
-8.603073325077486011e-01 1.490197270141309005e+01
-9.521907068241481920e-01 1.561981138310716233e+01
-8.002088767744772735e-01 1.444158750711553552e+01
-8.718329985677606420e-01 1.499109076879821423e+01
-4.395228746193220459e-01 1.183031760502956509e+01
-8.787166922192168883e-01 1.504444317849998392e+01
-3.291181806031775459e-01 1.108302786042261090e+01
-1.187224329252996036e-01 9.726429613631500715e+00
-2.483766206011694955e-02 9.149642881817312556e+00
-8.988107765431574414e-01 1.520072547128905782e+01
-7.628122497140266134e-02 9.463506175111554342e+00
-9.835593334532188869e-02 9.599809489696159659e+00
-8.526498991294348961e-01 1.484291124526204442e+01
-6.030501099307343793e-01 1.298197009467187790e+01
-3.663377149887103723e-01 1.133222961135541418e+01
-9.401191408364093505e-01 1.552453884398544481e+01
-9.699557749384435379e-01 1.576054885496709979e+01
-7.346347173010312481e-01 1.394749647167015283e+01
-8.753075442943714091e-01 1.501800856286487296e+01
-3.890611153673095846e-01 1.148573524369471066e+01
-6.077671044030277248e-01 1.301598347961260593e+01
-3.213709958657973154e-01 1.103150529217855791e+01
-9.780566122556448860e-01 1.582493441031085801e+01
-6.967663195264626186e-01 1.366608122118522672e+01
-1.899907898984776189e-01 1.017604123963711338e+01
-3.168831451131461918e-01 1.100171379833567720e+01
-9.870919608729900041e-01 1.610343093049018748e+01
-9.538312024636974584e-01 1.563278117757552721e+01
-9.244948028191217748e-01 1.540165945735429531e+01
-3.423855785633582727e-01 1.117154135578831564e+01
