3.691796636048234603e+01 1.627597946691149389e+01
1.157357797454519641e+02 2.872435990153627383e+00
2.387531209147628175e+01 2.141939098722908597e+01
1.323215015365361751e+02 1.742263530384816184e+00
3.176198020839754221e+00 3.819209634081327209e+01
9.584387620355002468e+01 4.747500820441905134e+00
1.568603351842912730e+02 6.551309387372745707e-01
7.812412003587238019e+01 7.033498917142367191e+00
1.927751117266178653e+02 1.693862978832881908e-02
9.445390378257195607e+01 4.894902057702555709e+00
2.582159037788776601e+01 2.055567677358725120e+01
1.286297455960025786e+02 1.962480522199119948e+00
3.279865286228892529e+01 1.770395730483034669e+01
2.876150617444496849e+00 3.873656156791474814e+01
2.382084649781295838e+01 2.145397518213572141e+01
1.647911146476536146e+02 4.322481002389105820e-01
9.674950639417707166e+00 3.057562266082899782e+01
5.764795419371081664e+01 1.074103219859593317e+01
1.295152537531931216e+02 1.908384320612580787e+00
1.390721508961311770e+01 2.710713160708548131e+01
9.244183628353141557e+01 5.127575704697085790e+00
2.551247925883722800e+01 2.070417223052103139e+01
6.061479853327717215e+00 3.413099857849259422e+01
1.810252709915608875e+02 1.321298598930024382e-01
3.997923256556216387e+01 1.528769045061821075e+01
1.068962720811005340e+02 3.616887389346450377e+00
2.256439693960547288e+01 2.205612352519396069e+01
5.411031407741434407e+01 1.153625225175654911e+01
5.148190166817505187e+00 3.525774383913987720e+01
4.332042626518335737e+01 1.429791727715418048e+01
1.306726795194072999e+01 2.797757979361560032e+01
5.284272020470917597e-02 4.912481864933801035e+01
1.025755144518621051e+02 4.085623854446727599e+00
3.960371104135962383e+00 3.703325331137281040e+01
5.994684908507423415e+01 1.023955276334242193e+01
1.157148499187210859e+02 2.874576465859437935e+00
5.925904118714232993e+01 1.038205681458706131e+01
1.509959661577022985e+02 8.688329621097323763e-01
4.925656431379407962e+01 1.268729255322354277e+01
9.059700965557919261e+00 3.103354815907067987e+01
5.149919767476507815e+01 1.214491103786272674e+01
1.257333532500869211e+01 2.811640824891697577e+01
4.518257976067837944e+01 1.380530970971082461e+01
1.059188664661035943e+02 3.743964371114780754e+00
1.729219637278364274e+01 2.585876032927921742e+01
2.045345870631420038e+00 4.169422450487029153e+01
7.491607110206425091e+01 7.531827130925623948e+00
1.388286194854874793e+02 1.405333657292293648e+00
6.779479678974213641e+01 8.967332672088554446e+00
1.385790565380668795e+02 1.422374483397565115e+00
1.385790565380668795e+02 1.422374483397565115e+00
1.371241190799159142e+02 1.488991899971001898e+00
1.131976315672980888e+02 3.352677454350937225e+00
8.798436272325776031e+01 5.702935714903437869e+00
6.967537853615984034e+01 8.644049105024860680e+00
5.493319042495495808e+01 1.133355999130574077e+01
4.498964023331441808e+01 1.400450293292102621e+01
2.839451581921476020e+01 1.987191870363319879e+01
2.280400781413959166e+01 2.201154542657472746e+01
3.411055265038582718e+01 1.753556064109499246e+01
2.635937067762571928e+01 2.028748776953177924e+01
3.471166871505285201e+01 1.729011877490428617e+01
3.074013238055655961e+01 1.855982193264033953e+01
2.822570034396948557e+01 1.950074989312813045e+01
4.178509715445319017e+01 1.523596917347494895e+01
3.122333871797582816e+01 1.830733240155672092e+01
3.923757801181426430e+01 1.585568419268850704e+01
5.358485628462001671e+01 1.168525239016638118e+01
4.314985650753420998e+01 1.444085982959579084e+01
4.028811749477006288e+01 1.521797117186603643e+01
4.221555973475296497e+01 1.468446221360154880e+01
4.202176686819375817e+01 1.473617180575908137e+01
4.756459919151781435e+01 1.340423851635667063e+01
5.557335417288348367e+01 1.118982141435745703e+01
5.986948662283123213e+01 1.033343955726101981e+01
4.803195516191846082e+01 1.308037405116441221e+01
3.051420980968732977e+01 1.937598589609252997e+01
3.818002333916300728e+01 1.592659384045532001e+01
3.627798845195000865e+01 1.650540762913444226e+01
2.108964963898669964e+01 2.446922733984987275e+01
2.132126002822894861e+01 2.424879334032746669e+01
1.740561964670616035e+01 2.580975238867398502e+01
2.282844854926049294e+01 2.200020627452212096e+01
2.481883328333301009e+01 2.098642276263139550e+01
1.709387423584086463e+01 2.610822908886424898e+01
4.931014225654007710e+00 3.660052451309541510e+01
1.582923107455908251e+01 2.669278124015544762e+01
2.629156667849652962e+01 2.037105710018518323e+01
2.666718141925316132e+01 2.022072173959321617e+01
