6.632127523347339348e+00 3.352616720613504242e+01
3.454068907748370520e+01 1.708073555351734640e+01
9.429093759401580144e+01 4.914344694648287160e+00
9.302112654522984414e+00 3.092264410972494915e+01
5.474804459108361243e+01 1.138736931969060606e+01
1.382439591387835875e+01 2.716751672898440262e+01
7.010306282712112136e+01 8.432966321132873588e+00
5.757881303822426133e+00 3.454682481996162124e+01
1.590747746689301607e+02 5.901081869257560619e-01
7.753795671944621404e+01 7.138296188276681775e+00
1.537173762637331151e+02 7.603657903456875200e-01
3.196804115633784704e+01 1.801874491018581637e+01
1.908429679993901686e+02 2.857667357237144573e-02
1.150403148588239333e+02 2.937289145852879813e+00
3.098385676956294787e+01 1.839111122608458615e+01
1.172230759319398885e+02 2.751934711170812342e+00
1.659275022590576043e+01 2.544923961539954860e+01
5.639045584396036759e+01 1.102706932250328009e+01
9.682303824963966576e+01 4.743187089122699263e+00
3.158275207916037530e+01 1.816373022964820905e+01
1.704353600924741841e+02 2.978831236754472256e-01
8.796952594706989714e+01 5.680931576047496101e+00
4.638293590458583537e+01 1.344114384028867804e+01
1.623655089842151256e+01 2.558384971253698836e+01
5.625416575035349354e+01 1.107871650172877764e+01
1.706701562692816196e+02 2.926353288037197853e-01
1.120724880059260187e+01 2.913518464108753392e+01
5.110678870439340216e+01 1.224440013154564078e+01
3.901827642726273249e-01 4.585355304498315832e+01
6.440975857547630312e+01 9.357759576594403939e+00
1.004874809908449240e+00 4.365365464516693095e+01
8.606298018764847768e+01 6.001879315475163068e+00
1.752200220733454898e+02 2.355766657963553612e-01
4.654531123556283490e+01 1.339536894489300245e+01
8.295058175380211196e+01 6.351228032255280986e+00
1.919837533417791064e+00 4.085601431581461895e+01
1.662138564755914558e+02 4.217621866732426117e-01
5.160251694739370265e+01 1.219815613787767816e+01
1.247776655769816756e+01 2.838498414700412198e+01
6.686275796085747913e+01 8.901706075852152011e+00
1.975571013215943594e+02 2.015140497757255886e-03
1.007826243431925803e+02 4.214800573597611510e+00
4.537750023446779579e+01 1.378233000583012569e+01
1.213501925002400128e+01 2.841297903422217175e+01
4.271409785968821637e+01 1.473104987916905984e+01
1.297887044841059279e+01 2.777228642829504679e+01
4.322767916414257883e+01 1.467710133810101603e+01
2.779246878746946692e+01 1.980886197070288546e+01
4.634891645284217532e+01 1.363673792835173515e+01
8.283992592998473015e+01 6.582257806889126428e+00
8.283992592998473015e+01 6.582257806889126428e+00
7.488829721843720222e+01 8.203819347739754519e+00
1.008769497872358158e+02 4.213673800466976260e+00
1.168725516392163968e+02 2.874265508528206947e+00
1.367657527696756858e+02 1.532652602699535072e+00
1.131311309345612131e+02 3.253999551082396025e+00
8.277853551072084315e+01 6.615916955555684709e+00
9.813066963956393352e+01 4.486414466931513800e+00
1.146524877111410206e+02 3.131204057601222779e+00
1.032779517019188802e+02 3.976170811985352493e+00
1.347091996216841778e+02 2.023189438981193522e+00
1.686973093042502683e+02 3.528161993261456075e-01
1.339757135623615909e+02 2.673775011432394599e+00
1.832602818848181414e+02 1.116027843574287776e-01
1.752823754033787793e+02 2.038009543103267707e-01
1.860305080567321454e+02 1.001432714129514429e-01
1.782863890401596052e+02 1.583333786744936800e-01
1.537168946693323903e+02 1.104679937605103746e+00
1.272481464128411943e+02 2.047595701493353459e+00
1.387760892145954017e+02 1.458654866041443787e+00
1.454072092602005455e+02 1.094494904933589474e+00
1.524844555685067178e+02 8.646356312953322742e-01
1.111746807873308143e+02 3.930678884403028928e+00
7.266196814515927827e+01 7.994553749442264490e+00
6.663747170042944390e+01 9.286384999606164925e+00
5.726304567854378291e+01 1.086217610485284268e+01
6.139415974046419677e+01 9.945611300276121725e+00
5.500695213292364372e+01 1.136993437324388978e+01
6.093607787060214775e+01 1.027468113908254210e+01
6.329364807250188107e+01 9.898658330723936416e+00
8.667821884717162106e+01 5.941823633241174463e+00
9.520859068414459614e+01 4.807716314005839209e+00
9.115299078129862664e+01 5.306263770086157905e+00
9.226021771581429221e+01 5.186702231765394799e+00
1.056841402059645389e+02 3.768781614985512896e+00
1.065759567902316292e+02 3.675704560863892745e+00
1.050710852650068148e+02 3.804017538950337673e+00
9.093116819491757497e+01 5.396999752878451240e+00
9.690940720280704568e+01 4.629457486579301673e+00
1.007288338466459550e+02 4.261558558607051239e+00
7.622630483502300081e+01 7.718075992351351999e+00
1.006488486810055889e+02 4.268774594597978478e+00
8.887878180714133691e+01 5.578248687247818083e+00
8.690606492194149268e+01 5.814602070565038083e+00
7.793375056449113458e+01 7.113373904484088683e+00
6.984315561340575584e+01 8.690440375785229321e+00
4.388781847406325909e+01 1.453317089063434153e+01
2.149510574499689497e+01 2.375826377493730845e+01
2.020061158902751686e+01 2.425460066153933880e+01
