5.228845276818958610e+01 1.196755457631481079e+01
1.201456784764544068e+02 2.550929256965203784e+00
1.942883302157606806e+02 1.051871470615014376e-02
7.678347605443443058e+01 7.235000664203229626e+00
1.450612980419427345e+02 1.101721094722306837e+00
9.596686256589170849e-02 4.800665006390148903e+01
3.298794369638575574e+01 1.763745542494457652e+01
2.579650675026814000e+00 3.938329520391620520e+01
2.414296628895850461e+01 2.129919517991906730e+01
9.839882426138186133e+01 4.458845375423488022e+00
1.329698261051102470e+01 2.755917044214745459e+01
1.375608842511507532e+02 1.463664648022626080e+00
5.850647650154716928e+01 1.055054005600338662e+01
1.465961306911525597e+01 2.659393453630786297e+01
4.527278543908644082e+01 1.374096155575547584e+01
1.345307179550283472e+01 2.743211165590355449e+01
7.426400744103386842e+01 7.642574229812370668e+00
1.798193136975833717e+00 4.101420632384709108e+01
1.258193338229101670e+02 2.145897150909547246e+00
7.829757008588382305e+00 3.221414950091655527e+01
5.192552542080396449e+01 1.202781080908638955e+01
1.896307722893656234e+01 2.397191400007952922e+01
6.092592310196467054e+01 1.003822607710289105e+01
2.004444874945397999e+02 4.257865511627691169e-04
1.278908287066258822e+02 2.009561036385357990e+00
4.767067255679799942e+00 3.576675072089082619e+01
1.014725839819279543e+02 4.152248907274729284e+00
1.956384363926418901e+00 4.086183077623056903e+01
1.207990625733851289e+02 2.491889629537251238e+00
2.406964384420412983e+01 2.132631440245973664e+01
1.734998676736496463e+02 3.172755231524287955e-01
7.911386677966692105e+01 6.904298685707566108e+00
1.833430343648665257e+02 1.533334676343489078e-01
1.245881852980860884e+02 2.220512258643398518e+00
6.792931701967583535e+01 8.720040926764475842e+00
1.514320998450761024e+01 2.629321655477244946e+01
5.285812192932500153e+01 1.180556915241673366e+01
1.562605011534604671e+01 2.599701701694161926e+01
6.256528665162408487e+01 9.999091512737306786e+00
1.035187519957819546e+01 2.983763346720322573e+01
9.434455346711168033e+01 4.996094436535898353e+00
2.155197249805560489e+01 2.296863423543943128e+01
5.689792207347363018e+01 1.089155171752759088e+01
4.076818471297699586e-01 4.605143056983241934e+01
2.297316138086559079e+01 2.205708931983689780e+01
1.661317995198975268e+02 3.956055875322742055e-01
7.054480741056985948e+01 8.245801520240782168e+00
3.976888771221584307e+01 1.535025599902177618e+01
2.075524323294179396e+01 2.350670652004627215e+01
1.528242401560306263e+01 2.617787897361939287e+01
9.958509782470574834e+00 3.080645657069199927e+01
9.459433931160809550e+00 3.148072942578657774e+01
8.469406375893665739e+00 3.218515205449566707e+01
1.695597106120101216e+01 2.537329577295296801e+01
1.288238597095962490e+01 2.946175004792170782e+01
6.715895302736063499e+00 3.363707687312817285e+01
5.735981948044260648e+00 3.528498854404897855e+01
5.632037198043994941e+00 3.549942112444630737e+01
3.574873075647103882e+00 3.777058972450853958e+01
8.371624185540955665e+00 3.209493816105438668e+01
9.792054253181930790e+00 3.044218028706710300e+01
6.556346671639096790e+00 3.361004677912130489e+01
