4.084501685689806649e+00 3.676410542397032089e+01
2.936377691923913957e+01 1.904720508600667728e+01
5.442202303371652761e+01 1.145066238891137544e+01
3.344126617737233076e+00 3.790586328984620934e+01
1.832507053915673723e+01 2.434261949748217546e+01
9.292719410778650513e+01 5.087010521295255217e+00
1.322092930865361993e+01 2.761054183424704433e+01
3.791132547669977271e+01 1.593976692196881118e+01
1.997067044413043106e+02 4.731271018889694280e-04
2.661988140815148007e+00 3.917936525120012448e+01
9.382760972761801099e+01 4.965743746465996367e+00
1.424013011398297834e+01 2.691252738686406332e+01
5.152574183464373903e+01 1.212565490581841843e+01
2.190131390692601343e+01 2.238492279799917029e+01
6.345164784748686948e-01 4.461119159653522104e+01
1.170982979326957434e+02 2.758188672382972939e+00
5.366602222260346622e+01 1.163732979805366341e+01
1.764581933051355023e+01 2.475508148533108610e+01
1.046486378700540456e+02 3.835671609393259018e+00
1.518637903422072384e+02 8.298401726212083496e-01
1.953519124804032359e+01 2.369419004389009942e+01
1.218228520262217103e+02 2.412972787137200203e+00
2.021173716086688832e-01 4.688221456287131161e+01
9.348458859300625079e+01 5.008311045827344543e+00
3.576172199853105127e+01 1.666174130183442514e+01
1.167511190900394666e+02 2.789927388908595596e+00
7.747441391012498002e+01 7.134669220414373569e+00
6.413940977049103154e+00 3.375243293602767380e+01
7.424788307562833722e+01 7.697427786937739214e+00
3.735051901882599168e+01 1.613838529781142483e+01
1.646066191390493714e+02 4.366782981276335351e-01
3.097690878978499285e+01 1.843529987027693196e+01
1.630971447513207409e+02 4.719204713149113273e-01
9.867343005943702394e+01 4.523787644505254946e+00
1.396554190406511111e+02 1.373315131050523163e+00
5.645792485011921258e+01 1.101784640973714069e+01
2.379109006846056218e+01 2.146997460937292246e+01
4.465786494152301600e+01 1.398651886671162536e+01
4.260356097317355428e-01 4.552499161439813236e+01
1.172452784386187687e+02 2.748894134221534724e+00
1.587764986137703431e+02 6.267674375212779481e-01
4.123720003514833365e+01 1.490195243675920267e+01
1.483707897453675173e+02 9.861126083212070625e-01
6.081942774196717494e+01 1.019973529764286013e+01
2.463490273749321346e+01 2.130652923344206684e+01
1.404991493670366154e+01 2.741398755600758719e+01
1.410498494284349817e+02 1.328342141212154548e+00
9.137047042724105950e+01 5.952125829187258965e+00
1.343285755426684318e+02 1.793057761916667658e+00
4.343969382035203353e+01 1.450820548043373748e+01
4.343969382035203353e+01 1.450820548043373748e+01
3.670799708777613546e+01 1.635569762825607398e+01
3.070173178865412922e+01 1.856863999861111836e+01
2.854176755574375335e+01 1.956381870480281293e+01
1.816994188582665615e+01 2.463287231653225717e+01
1.159855534215454220e+01 3.342287117161310306e+01
1.942491515580491424e+01 2.379854139007855451e+01
2.078945832470934363e+01 2.315444027394605797e+01
1.283793145953842796e+01 3.342193211004322251e+01
1.578499878342259910e-01 4.793155894187253807e+01
1.962311633297318281e+00 4.179033730066484509e+01
1.819157395063816685e+00 4.314407913872516076e+01
1.279485774664874898e+00 4.410230226431184519e+01
1.974997039460527848e+00 4.065738390576200345e+01
6.306734477026549435e+00 3.553570473904922977e+01
