1.429425867515265736e-01 4.750856504383853007e+01
2.297804113051781627e+01 2.185301610287154972e+01
1.940522733422146207e+00 4.064546687857729523e+01
1.708861522573469927e+01 2.504547670643866297e+01
1.692158905939366207e+02 3.216076013795671207e-01
9.366951828210719810e+00 3.072712052082534839e+01
1.632747087988028056e+02 4.744826454312423003e-01
9.119244728186271232e+01 5.302648432010906632e+00
9.237550151321990199e+00 3.085577560826838805e+01
1.183235118566837230e+02 2.684009860287499549e+00
4.300253161374356203e+00 3.642612258442582629e+01
1.381612019552779316e+02 1.426300634224663799e+00
4.340001684047174280e+01 1.428611798019830914e+01
2.004618584318556316e+02 1.433943519696813601e-03
2.159316098081541924e+01 2.254266901906312981e+01
2.171790127875044885e+00 4.014177511327453374e+01
1.179460812907373963e+02 2.705309867869530649e+00
1.752253118814126154e+01 2.478491450455421941e+01
9.167758886387227335e+01 5.216526389674243980e+00
1.469031791249585694e+02 1.024671776657840150e+00
3.992188724818707612e+01 1.532276643739372268e+01
1.774888864596652072e+00 4.110794232975914753e+01
6.561414740915101618e+01 9.126271647810781928e+00
5.281566290615907988e+00 3.520899664764266390e+01
6.987990240753740068e+01 8.388657802944036845e+00
1.566288682031961343e+01 2.594660048575577349e+01
4.883652689194423147e+01 1.285348547335293645e+01
1.562528984508876704e+02 6.772959383022705282e-01
7.180959063058732283e+01 8.069984178773548678e+00
5.724538771912186519e+00 3.453388841346098559e+01
4.861413111985898183e+01 1.290944764325948313e+01
1.282109658569358102e+00 4.231405746122310063e+01
1.431836612939046738e+01 2.682884899092976383e+01
1.469055571890138765e+02 1.021792810426324971e+00
7.376289157818546016e+01 7.753395507429707401e+00
1.189483422626078521e+02 2.636511914978696858e+00
6.651826893830144627e+01 8.961013037507026269e+00
8.087525724302011554e+00 3.192307260677254277e+01
3.838043076770317441e+01 1.590165114708283411e+01
1.697809787794290912e+02 3.101362550268246254e-01
1.108101790099463813e+02 3.413344220295249087e+00
2.559271109420925683e+01 2.091423406547686170e+01
1.345393220480217451e+02 1.617841125182369666e+00
7.785877542814878893e+01 7.150051887951905272e+00
1.254937279838729580e+02 2.207529983853662614e+00
7.061895435427226175e+01 8.372031278601280491e+00
3.440218710770106725e+01 1.723012450002894980e+01
3.811191384442936680e+01 1.639201275150213988e+01
7.401588416290789496e+01 7.717422815148404780e+00
2.436910685615870875e+01 2.122404588624429778e+01
2.436910685615870875e+01 2.122404588624429778e+01
1.237712453499330678e+01 3.070892842654647481e+01
1.311535220297349724e+01 3.034718456004753762e+01
1.323118892559126181e+01 3.029199303680895738e+01
3.375294929982080561e+01 1.781631637996160933e+01
6.292594645149928567e+01 1.031393301798571294e+01
7.155699325749040440e+01 8.239036239315263188e+00
6.290289652002576304e+01 1.032050095159654823e+01
6.051727710274984418e+01 1.066860588858216374e+01
5.797092752667089144e+01 1.143676748709127544e+01
5.677766790609732084e+01 1.162181581563491051e+01
6.049614357154277400e+01 1.106915359595830495e+01
3.416570409350775606e+01 1.729614115219778370e+01
2.788180797420911716e+01 2.035229532906118877e+01
3.342159626227389424e+01 1.759850050770285179e+01
3.766165807858671144e+01 1.636441601064094442e+01
4.258587230446475758e+01 1.456567141379111163e+01
3.572459656290523355e+01 1.669124671100735569e+01
4.264714382588677211e+01 1.454942674381365464e+01
4.067040895084468843e+01 1.521806903759012108e+01
5.319169252958829475e+01 1.180976600284488676e+01
5.693293304035433522e+01 1.088998216845369171e+01
6.822222537360532613e+01 8.778785580468667860e+00
6.812920091521357335e+01 8.792977018401984424e+00
8.958430808117671518e+01 5.634107305739657789e+00
1.095051406116824353e+02 4.217541597728022396e+00
1.034082144384393303e+02 4.543060238263218586e+00
9.672454588543948262e+01 5.002828313487307277e+00
6.535892672681458748e+01 9.404462689274499354e+00
5.538694163405371285e+01 1.122843689463927674e+01
4.592019367103276295e+01 1.392510624384835971e+01
3.003488126465566666e+01 1.887624465462856449e+01
1.399410990379290709e+01 2.993909201016947108e+01
2.883345166247714175e+01 1.930945859627250627e+01
2.646810266608357409e+01 2.046560500821005135e+01
2.512856708797306737e+01 2.098154082953177735e+01
2.269288975124116803e+01 2.239785376505292902e+01
3.151621965344953935e+01 1.819981245382685842e+01
4.113904719299752344e+01 1.513544318231433117e+01
4.806803694253132164e+01 1.299436489217373847e+01
4.975146852902231842e+01 1.256409245555908782e+01
4.678185330988171842e+01 1.337160637244968875e+01
5.271421412457394240e+01 1.184972878813471553e+01
6.407498238361742438e+01 9.565317628154161866e+00
6.544520369446519226e+01 9.261613356424032162e+00
5.250356420004391111e+01 1.194923226942800909e+01
5.779843443414929283e+01 1.069172053195151761e+01
5.141600292420601193e+01 1.225623421654617218e+01
4.845545065977751165e+01 1.292715648658335681e+01
4.841404250621376093e+01 1.293868574998037246e+01
