2.461783273233586478e-01 3.744626167617690626e-01
1.632268467236390297e+00 1.713444234239237973e+00
4.210934242195723876e+00 4.120182200136413009e+00
3.024273887029043095e-01 2.174941522965571084e-01
3.483836269953619613e+00 3.224197973984795684e+00
4.573644445154638305e+00 4.564208374861065565e+00
3.355303205733124017e+00 3.304138604838173343e+00
4.794423671270999776e+00 4.786941431023379323e+00
1.148963139341649953e+00 1.035439480391429301e+00
4.323187815657385080e+00 4.421680688039629992e+00
2.188489376946658460e+00 2.337914178127386222e+00
9.043934733696363804e-01 1.058987257406268867e+00
4.440095967627055273e+00 4.530106963885597082e+00
1.287439468013304555e+00 1.095205644406983980e+00
2.557821869056724040e+00 2.501501040193481629e+00
3.452490435529260715e+00 3.532110884060864819e+00
1.892203579672841141e+00 1.894205397267824775e+00
4.506018372717069731e+00 4.573875318353506358e+00
1.967338041510797941e+00 2.121059125942175605e+00
3.229757980185850919e+00 3.377600087491873015e+00
4.319017893722579160e+00 4.259344528514835915e+00
1.901056756560643546e+00 1.720186636354354093e+00
4.475189159532838801e+00 4.536390408246115058e+00
3.576982300815491733e+00 3.508333471146615423e+00
1.052363679473887759e+00 1.148860337383936114e+00
4.790628276595398916e-02 1.415365196124457325e-01
1.495782385601345466e+00 1.628574638097090022e+00
2.360629007006545876e+00 2.229717139216063515e+00
3.833141660238424286e+00 3.600184609323067608e+00
1.203629029979200293e+00 1.439554254766245656e+00
2.288273190145482694e+00 2.096808889240328710e+00
3.593052279096361268e+00 3.569002800695759703e+00
1.597268469408872793e+00 1.961038014564821186e+00
2.942542565199668392e+00 3.076519983155652227e+00
3.645879669271257839e+00 4.086928889338391713e+00
4.885822241795402476e+00 4.525415670419400627e+00
2.413471998226022652e+00 2.763688127087204016e+00
3.383049994692763907e-01 5.998981924273415478e-01
2.490177295755481524e+00 3.097071886815778718e+00
3.707473584801721067e+00 4.400790147106518724e+00
1.369348027199914775e+00 8.933388721184205572e-01
3.171334732078155749e+00 2.800327208206613072e+00
1.973541770110219584e+00 2.963756999661621983e+00
1.973541770110219584e+00 1.898840627745550069e+00
9.478772855541200970e-01 1.070335224952487341e+00
2.351828505933184488e-01 5.839438255009135048e-01
1.141899587940442551e+00 5.839438255009135048e-01
1.141899587940442551e+00 1.391896386114075623e+00
2.071723556328730620e+00 1.391896386114075623e+00
2.379754353018416868e+00 2.426815871458436913e+00
2.379754353018416868e+00 2.426815871458436913e+00
2.386446033335955619e+00 2.426815871458436913e+00
2.386446033335955619e+00 2.917289679611662301e+00
3.966967166902147568e+00 2.917289679611662301e+00
2.852846877597383646e+00 2.917289679611662301e+00
2.852846877597383646e+00 2.617584507051279985e+00
2.852846877597383646e+00 2.027907622162243406e+00
2.852846877597383646e+00 2.764486559633103635e+00
2.859027353941706373e+00 2.764486559633103635e+00
2.859027353941706373e+00 2.443733086687579714e+00
2.690174521124097051e+00 2.443733086687579714e+00
2.690174521124097051e+00 2.849519825668624051e+00
2.893803762510630762e+00 2.849519825668624051e+00
2.893803762510630762e+00 2.802879308735394481e+00
2.893803762510630762e+00 2.887496515948648312e+00
2.893803762510630762e+00 3.055986460043067510e+00
2.893803762510630762e+00 3.506106056120795955e+00
4.479516926251172038e+00 3.506106056120795955e+00
4.479516926251172038e+00 4.844371950472090127e+00
4.718275323044704095e+00 4.844371950472090127e+00
5.086990731067431604e+00 4.844371950472090127e+00
