8.323059349525543382e+01 6.307581273604947469e+00
2.004979817656782757e+02 1.570129314992178685e-04
1.286686107896184694e+02 1.958675897358120643e+00
1.966730096617180479e+01 2.356128909675699390e+01
8.299858220884678417e+01 6.392869633958746078e+00
3.479578696168236718e+01 1.709219858595371733e+01
1.995303371566571560e+00 4.062824181457806105e+01
3.295324662273634431e+01 1.768510400216678491e+01
7.341462301963526116e-01 4.413501236170772302e+01
1.314078886884157100e+02 1.794016585560580079e+00
2.332738939923667232e+01 2.168004667109864414e+01
3.426548408270000401e+00 3.782805821421909798e+01
9.580909496160955996e+01 4.739731236942258619e+00
1.745472697308522925e+02 2.171285217851465776e-01
2.642331472390112168e+01 2.026013027937053934e+01
1.688942220823577145e+00 4.126770127063959137e+01
2.478968647018542271e+01 2.103100879486687802e+01
9.767436960844406713e+01 4.536028939568511831e+00
3.101843804428942519e+01 1.837863290936052607e+01
1.176865747814779724e+02 2.718503762228261955e+00
2.530513639268033854e-01 4.651686080488070729e+01
3.441920229668301090e+01 1.716388457706253234e+01
1.012776841772222269e+02 4.180178215356247229e+00
1.471511487859195277e+00 4.196105589668810865e+01
2.833745512365815244e+01 1.944907425912824905e+01
3.542789228853983730e+00 3.764959762881297678e+01
1.349853901955143556e+02 1.599641639341030874e+00
3.140118584561890458e+01 1.825195955904123934e+01
1.064428244463721853e+02 3.657758032702493445e+00
3.673767965366197075e+01 1.645625267122967728e+01
9.870850076942234708e-01 4.379429797593790852e+01
2.730115241910567647e+01 1.987956979637064592e+01
7.891386149216161527e+01 6.915874776311321526e+00
2.908678966959199386e+01 1.929087635289546299e+01
6.127238344980119678e+01 1.010455518129971253e+01
1.525034300659868336e+02 8.043562913452479979e-01
2.065088828868644555e+01 2.317033549012169402e+01
9.621950969517426699e+01 4.695707412263217861e+00
2.480386017114865993e+01 2.100680566413170425e+01
1.393195076831466395e+02 1.435031110427909207e+00
2.538746969076663973e+01 2.080323850903690897e+01
2.862101454948595691e+00 3.922518411051877507e+01
1.284076141519544478e+02 2.104611701084216246e+00
2.427156422280921078e+01 2.138170912839844817e+01
4.505751561570779273e+00 3.665676929835985476e+01
1.023884981374911689e+02 4.099866137784592190e+00
2.588591830114197734e+01 2.053023865913752388e+01
9.488358282082003825e+01 4.844287281056939065e+00
1.014652026443588539e+01 3.027518758043730429e+01
1.580071082227178749e+02 6.636948032943491560e-01
1.480256214556004011e+02 1.210388444466269808e+00
1.556090452480439126e+02 7.875667441210494335e-01
1.516308166165512716e+02 8.852825100063670405e-01
1.174604716833249682e+02 3.132648102776685484e+00
1.047239147643700790e+02 3.923295906753028639e+00
7.550668422295964888e+01 7.878123151974420146e+00
6.859380265623569528e+01 9.594584432336471735e+00
5.918972532860878033e+01 1.297909066359172314e+01
9.208467973542718710e+01 5.168728256485954020e+00
5.346000586456280956e+01 1.623254011958317022e+01
6.970672501331063131e+01 9.284764398363130056e+00
7.585088017315408138e+01 7.804156563776157185e+00
7.796729155861663685e+01 7.369487375834987475e+00
8.242636047513994413e+01 6.891157083004499029e+00
7.290063240872247263e+01 8.008261015180694997e+00
9.369785414031265702e+01 5.082171025528648300e+00
7.760386403555563106e+01 7.153099048862060272e+00
5.164049343808043346e+01 1.311678553866978625e+01
5.309841958213566215e+01 1.287908760452791412e+01
4.418704565729122891e+01 1.454356294851141840e+01
4.771533433156717052e+01 1.382040341058696775e+01
6.528757818052085327e+01 9.190062348022838279e+00
6.759833285453446194e+01 8.783493791386334237e+00
6.407268498409180779e+01 9.417533683621250873e+00
5.176268824098802668e+01 1.242694488798079711e+01
3.428281366724158374e+01 1.729187256857457200e+01
3.846420678420680161e+01 1.609928255327516311e+01
4.345753739819050310e+01 1.491791102833468941e+01
4.049924782222907282e+01 1.558983944461975213e+01
4.119552606623172153e+01 1.531221400519835640e+01
5.071005470521322422e+01 1.232774069391627592e+01
5.597540845663205999e+01 1.112404334231996117e+01
7.143503372879060009e+01 8.288897877171111261e+00
8.366028790262632242e+01 6.239498292975619975e+00
9.171986669057932318e+01 5.288364034614874143e+00
1.003481168547486391e+02 4.253409778591736412e+00
9.325701841574380069e+01 5.081223242743610591e+00
7.672833999639169633e+01 7.356404265731120162e+00
1.142513324194965634e+02 3.571141986839728943e+00
7.079196895903463371e+01 8.550932311885071968e+00
7.464820207462690860e+01 7.745931753753959370e+00
8.092494670626109610e+01 6.652208784151378396e+00
8.497327721461284966e+01 6.062692677918894546e+00
9.120539452611555475e+01 5.324892574645119225e+00
8.550502935619323353e+01 5.993504328765980382e+00
