1.374766107610755572e+00 4.206208299260173078e+01
7.109908236812120208e+01 8.156091222405805752e+00
1.043298906042953789e+01 2.978134494548651645e+01
3.489763579517136804e+01 1.695366698376757597e+01
5.411951134229991744e+00 3.490926431723229229e+01
6.691305890023252800e+01 8.894074397429854173e+00
1.353908195048172161e+02 1.581474347708843542e+00
5.883436260612072033e+01 1.048705543198378720e+01
1.245934342992323991e+02 2.235371200406991665e+00
4.351446463893950956e+00 3.633838965557671941e+01
2.123536935053452979e+01 2.274206478473357862e+01
6.162280181029144988e-01 4.465385170449108898e+01
3.417890941506495039e+01 1.722323419193572747e+01
7.111438873366651148e-01 4.431720079989071337e+01
6.949882628391242179e+01 8.426279054381744515e+00
1.373776829599089524e+02 1.503378259513435733e+00
7.518451796737457471e+01 7.501590583131934054e+00
7.441115312336923360e+00 3.268851539502371395e+01
1.310509079287147927e+02 1.815186885714100695e+00
3.925445455274986983e+01 1.559634076987748585e+01
1.046060042772245851e+02 3.853804722229042135e+00
5.238299243412056683e+01 1.195015805073454374e+01
2.131386581427888416e+01 2.270732011607806200e+01
1.154629001565532462e+02 2.894180215087206687e+00
2.566294523277321815e+01 2.063512458050964682e+01
1.763019229153084098e+02 1.872108439425005932e-01
2.915321716291975918e+01 1.910915232433568178e+01
8.476193383711301976e+01 6.093963866571635357e+00
7.890272975385022036e+00 3.213044061809519292e+01
2.109050906217781574e+01 2.280726996619117131e+01
1.869371025001082103e+02 5.520633317848400862e-02
8.714670359028042412e+01 5.779924545273026126e+00
1.605764843795310810e+02 7.469290267884505230e-01
7.684326913063648590e+01 7.305520601323210350e+00
4.230378355920248623e+01 1.479310838565350039e+01
2.658761826224121272e+00 3.938902513130996397e+01
2.864170995487649662e+01 1.935668145172765264e+01
8.247522588685281164e+01 6.419540425405621420e+00
4.803887162106445174e+00 3.595254048717873729e+01
7.464677612297168707e+01 7.744733974276790001e+00
2.513049024850771929e+01 2.137355929642968277e+01
4.612723333149206439e+01 1.365066256104621800e+01
2.270195131370485342e+00 4.004558449159787870e+01
3.594881008852922832e+01 1.686404031059385034e+01
6.080180144253017005e+00 3.409341304502463998e+01
2.650675340323808626e+01 2.029376446304448578e+01
1.739570463950288115e+01 2.512284065778142406e+01
1.076431532848605954e+01 2.959392997602058983e+01
2.539935535671548905e+01 2.072015265621417868e+01
1.586865989650301501e+01 2.585675519108720977e+01
1.586865989650301501e+01 2.585675519108720977e+01
2.505317194472521436e+01 2.124149642081334832e+01
1.359741708017550721e+01 2.766084015883187419e+01
1.488290996606081151e+01 2.658290192037114252e+01
2.483780463577188868e+01 2.228897044268102690e+01
1.408035773047102346e+01 2.706883396811634768e+01
1.795541966729187777e+01 2.455846022721073041e+01
1.620605382567087105e+01 2.558578567890937450e+01
2.477430908000124532e+01 2.155622999788228356e+01
5.879489927965086338e+01 1.182297541591949397e+01
4.078118106004599497e+01 1.522499622491752902e+01
