2.177933606031952074e+00 2.010376772516790922e+00
7.034140739758748540e-01 7.212393567712038767e-01
3.975127398354030284e+00 3.995942849122985585e+00
3.145708424331759012e-01 2.350433127746496265e-01
2.694939595913431241e+00 2.599218417923635727e+00
3.922156239960053803e+00 4.102194709925725213e+00
1.647748482811084880e+00 1.563186649406166140e+00
3.868587676241807660e+00 4.029566955479850776e+00
1.456874915814103666e+00 1.366064592522736154e+00
2.519563011210492753e+00 2.564643432503805442e+00
4.380893450336222017e+00 4.250787030388607945e+00
2.834823512069000184e+00 3.182500798924375207e+00
3.990908548794546373e+00 3.930074629061122149e+00
2.337540875064925139e+00 2.292027627274755730e+00
3.327439702603479432e+00 3.235649272443922531e+00
2.061642230964903177e+00 2.281764577617303225e+00
4.102035356596058335e+00 4.117656380301273344e+00
2.941211076922606082e+00 2.873596052596301575e+00
4.147815805493649144e+00 4.209401902696651376e+00
1.898382937659404135e+00 1.763023658606674537e+00
4.234294410039042056e+00 4.295706434206622681e+00
1.641999782464586888e+00 1.420455068957426903e+00
3.547637903618372057e+00 3.374350642931966959e+00
1.740548378021344433e+00 1.622826930395710132e+00
4.899055367704629127e+00 4.875944131927677283e+00
2.480861856303966384e-01 -8.937363842448586837e-03
1.689033548958846165e+00 1.560453045127183191e+00
2.962781695103270607e+00 2.709975043128078909e+00
1.849693951795016833e+00 1.624292692044448483e+00
3.980550433040476843e+00 4.143425322406897315e+00
1.515160915665668462e+00 1.267895929069471794e+00
3.449050460429289089e+00 3.390510416051552678e+00
1.307864816029019828e+00 1.261992917771839195e+00
2.350791584890534303e+00 2.660474495702516595e+00
4.790597745351139469e-01 3.047851994849015700e-01
4.126082078001561904e+00 4.077585538197600279e+00
2.857105104187796396e+00 3.142850607037834365e+00
1.613175338913438450e+00 1.613242559969497281e+00
2.698090095372829733e+00 2.574440356477470271e+00
5.832920187486947405e-01 4.224840735810646564e-01
1.784501359410960886e+00 1.867479701503461653e+00
3.830691305589834172e+00 3.797959107502058451e+00
1.545078174403153426e+00 1.843078376909056182e+00
3.667742629134894017e+00 3.821428678403311796e+00
1.250735548321020296e+00 1.319787556746205848e+00
3.811151622058290389e+00 3.945096088714419302e+00
8.010522127373090884e-01 1.057270337872399768e+00
3.380494147732203025e+00 3.869704455940699894e+00
1.524683104910748543e+00 2.309786675753023211e+00
3.743882500038644423e-01 3.971077308277266571e-01
5.362853761299094524e-01 1.167428518188388775e+00
1.044738870361073602e+00 1.167428518188388775e+00
1.044738870361073602e+00 9.144087827657200185e-01
6.429147353232392836e-01 9.144087827657200185e-01
6.174172385550733555e-01 9.144087827657200185e-01
7.677521638855120401e-01 9.144087827657200185e-01
7.677521638855120401e-01 7.718097042978778743e-01
7.677521638855120401e-01 1.282751625481409308e+00
1.219183844181979559e+00 1.282751625481409308e+00
1.853462734476861051e+00 1.282751625481409308e+00
1.853462734476861051e+00 1.909536183285243771e+00
1.651079155560678302e+00 1.909536183285243771e+00
1.826561830217996896e+00 1.909536183285243771e+00
1.630739676469057375e+00 1.909536183285243771e+00
1.630739676469057375e+00 1.316934165987532435e+00
1.674473335353048764e+00 1.316934165987532435e+00
1.499221781281605548e+00 1.316934165987532435e+00
1.499221781281605548e+00 2.403820390528463413e+00
1.499221781281605548e+00 1.471839443663961022e+00
1.054966099182285788e+00 1.471839443663961022e+00
1.230506667633926687e+00 1.471839443663961022e+00
1.230506667633926687e+00 1.077724045008553677e+00
6.188732800732034134e-01 1.077724045008553677e+00
6.188732800732034134e-01 1.123351877998242987e+00
7.405514774414035939e-01 1.123351877998242987e+00
7.617979502873046815e-01 1.123351877998242987e+00
1.552458525679671464e+00 1.123351877998242987e+00
1.552458525679671464e+00 1.383072070086801331e+00
1.552458525679671464e+00 1.466926811518055374e+00
1.542556526323483723e+00 1.466926811518055374e+00
1.695103388876161521e+00 1.466926811518055374e+00
1.371302105544216055e+00 1.466926811518055374e+00
1.242838261146214762e+00 1.466926811518055374e+00
