2.472361666531633695e+00 2.638094195041624790e+00
3.783683304955590021e+00 3.964865731259249682e+00
4.918771695221405338e+00 4.937384688701996538e+00
3.105884990873665874e+00 3.090201844066871928e+00
4.281926504174251136e+00 4.234433837402086453e+00
1.435483369163178535e-01 5.818582825767992794e-02
2.004824163577859863e+00 2.056128886337326378e+00
4.896216017553670641e-01 6.365401447286825887e-01
1.772905678159861775e+00 1.700748961072193977e+00
3.529452560709910536e+00 3.484633508282287462e+00
1.338503883007566841e+00 1.238003638040463095e+00
4.090864910917246355e+00 4.201790730559260112e+00
2.651327826536240106e+00 2.756280080402100374e+00
1.372476287889617730e+00 1.334620585207477284e+00
2.389585587206166650e+00 2.368137893195446875e+00
1.320470315803467409e+00 1.272645313493747876e+00
3.108145928908519373e+00 2.984196834136090271e+00
5.187771751088521288e-01 4.247570209308350053e-01
3.913985340722804906e+00 4.016908289758994499e+00
9.221575604619020039e-01 1.052171414661151605e+00
2.552658397364464982e+00 2.542698657246995175e+00
1.598263425129493598e+00 1.478622105585967628e+00
2.761068879536931142e+00 2.758256590301896516e+00
5.019035145695882605e+00 4.992034463012496204e+00
3.965115867844717368e+00 4.031198746182393933e+00
7.387607556447725043e-01 8.037408536581395202e-01
3.491419047779544815e+00 3.630170661041181468e+00
3.680607861120754887e-01 5.946657453630280754e-01
3.945375758222270601e+00 3.825411843158632585e+00
1.729551885619823315e+00 1.739557770239306134e+00
4.457567802260574474e+00 4.848201337265424016e+00
3.064141822472506327e+00 3.223274978448410266e+00
4.957508400406968718e+00 4.610734111951259706e+00
3.951685166712762154e+00 3.940968239875050294e+00
2.842907405525876285e+00 2.983321427289571837e+00
1.317222470761525210e+00 1.432036123373920056e+00
2.578320716240841470e+00 2.562575416750610291e+00
1.318621570736048021e+00 1.472327980453441487e+00
2.498357404027710338e+00 3.065865610989161105e+00
1.143841762485638291e+00 1.131191770783494199e+00
3.607220702885618024e+00 3.251783690138584149e+00
1.363170571871261894e+00 1.878765317036185323e+00
2.631475102346211070e+00 2.701817777737870685e+00
3.022444022350838644e-01 1.028045869599178985e-01
1.497910416605970241e+00 1.870709685931979838e+00
4.518970931303474714e+00 4.594763497940736130e+00
2.976717044748961705e+00 2.962322988491206566e+00
2.228048945922330937e+00 2.231147646980887522e+00
1.875680374185608290e+00 1.292530054633309167e+00
1.380684534114266837e+00 1.383588168913870042e+00
1.347623863723623527e+00 8.206932237689406051e-01
1.347623863723623527e+00 7.407890419767392265e-01
1.252430911971036176e+00 7.407890419767392265e-01
1.252430911971036176e+00 1.634138787263692549e+00
7.417458572181271359e-01 1.634138787263692549e+00
7.417458572181271359e-01 1.062443838037456789e+00
5.524568562587520715e-01 1.062443838037456789e+00
5.284149794690127244e-01 1.062443838037456789e+00
5.284149794690127244e-01 7.838978749713121363e-01
1.215898913561773043e+00 7.838978749713121363e-01
1.215898913561773043e+00 9.846844140610649943e-01
8.182195748177816252e-01 9.846844140610649943e-01
