8.223041539906139619e-01 9.908823134795652354e-01
2.103375446761954315e+00 2.052068224823403675e+00
3.395090826272703310e+00 3.470748144112862921e+00
1.202641248900236270e+00 9.376471564903432476e-01
2.541672913794821298e+00 2.688291269013208584e+00
1.332473433323926315e+00 1.296384791624592525e+00
2.773020847741676231e+00 3.136259090823064533e+00
9.242028885929000070e-01 7.650616620064987217e-01
4.411006805951704024e+00 4.506851742078974432e+00
3.036327842107306552e+00 3.188291457051180444e+00
4.376545780214319059e+00 4.390352047344440400e+00
2.035409451230832278e+00 1.961917086659032083e+00
4.854826141230646819e+00 4.913390391396870172e+00
3.876584269662155968e+00 3.705694687223154205e+00
1.936582317822383992e+00 1.998902978808231312e+00
3.786940797018001348e+00 3.868442630163414719e+00
1.557502470088852675e+00 1.312392324018836653e+00
2.740706414823658399e+00 2.566348049025022782e+00
3.272486293414085257e+00 3.673770953914636372e+00
1.950921072090104680e+00 2.022274706924084064e+00
4.649283617264628354e+00 4.581812072679682046e+00
3.259271783027847924e+00 3.371873208044149806e+00
2.381166182601427650e+00 2.434292830984350342e+00
1.374127782295206490e+00 1.473401018911632221e+00
2.764530166837206870e+00 2.533952326748752704e+00
4.587722100205732012e+00 4.649768273645936922e+00
1.158172879868751171e+00 1.208489876037310395e+00
2.459042842105847892e+00 2.594186862349423084e+00
1.510100777706560038e-01 2.733891868378434120e-01
2.800860495268708394e+00 2.873607511458758701e+00
4.594533645006699807e-01 2.003030412303488106e-01
3.109242045170092172e+00 3.442144527973603374e+00
4.798503603699838749e+00 4.558439281554163003e+00
2.425781993970035355e+00 2.398313892429735361e+00
3.288572969290643577e+00 3.150068771328880857e+00
5.730062672027791404e-01 3.893882395512029415e-01
4.437151781370674897e+00 4.676018411851787349e+00
2.381948354901231912e+00 2.688298954995842927e+00
1.410611779101408558e+00 1.062833970140633522e+00
2.849431150208147745e+00 2.931967191228074032e+00
4.977666325801055613e+00 4.961059693189027620e+00
3.502962196302140452e+00 3.595123354917912906e+00
2.248421084769193001e+00 2.507783420509489325e+00
1.193343876237799472e+00 1.268733701590583518e+00
2.049712306292497122e+00 2.545035152282802304e+00
1.289335566215617401e+00 1.257907552165142828e+00
2.017424287999887156e+00 2.595557557293575623e+00
2.017424287999887156e+00 1.696501234616560883e+00
2.184239434510304889e+00 2.610809683975575890e+00
3.478559624274748963e+00 2.934212743285956382e+00
3.478559624274748963e+00 2.934212743285956382e+00
3.478559624274748963e+00 2.573265871412205641e+00
3.478559624274748963e+00 3.621996740359449074e+00
4.012390499768140550e+00 3.621996740359449074e+00
4.012390499768140550e+00 4.253488059203798244e+00
4.012390499768140550e+00 3.490487818487650440e+00
2.917383873724801902e+00 3.490487818487650440e+00
3.514137475808296607e+00 3.490487818487650440e+00
3.514137475808296607e+00 4.039054311210106718e+00
3.514137475808296607e+00 3.670194235541140326e+00
4.495216811102844545e+00 3.670194235541140326e+00
4.495216811102844545e+00 4.686934301570797601e+00
3.395081036345002801e+00 4.686934301570797601e+00
4.883412467113912747e+00 4.686934301570797601e+00
4.674744988082639274e+00 4.686934301570797601e+00
4.953814072706211213e+00 4.686934301570797601e+00
4.754392086565743192e+00 4.686934301570797601e+00
4.754392086565743192e+00 3.978062286407055836e+00
3.998381803764638587e+00 3.978062286407055836e+00
3.998381803764638587e+00 4.325154939996101788e+00
4.200575801015553168e+00 4.325154939996101788e+00
4.200575801015553168e+00 4.525072025067581549e+00
4.200575801015553168e+00 3.185723330227414163e+00
2.831370498457341345e+00 3.185723330227414163e+00
2.551574962322705531e+00 3.185723330227414163e+00
2.551574962322705531e+00 2.793783569155604773e+00
2.746509294328387973e+00 2.793783569155604773e+00
2.746509294328387973e+00 2.491671071670314319e+00
3.004262761186485164e+00 2.491671071670314319e+00
3.100804297069839066e+00 2.491671071670314319e+00
3.100804297069839066e+00 3.471968810785333925e+00
3.427474324917696880e+00 3.471968810785333925e+00
3.276229581738515861e+00 3.471968810785333925e+00
3.276229581738515861e+00 3.511605637980302230e+00
3.753619705670260043e+00 3.511605637980302230e+00
3.753619705670260043e+00 3.543208757999141589e+00
3.703166619730994924e+00 3.543208757999141589e+00
3.190370471585952661e+00 3.543208757999141589e+00
3.416580673413104563e+00 3.543208757999141589e+00
3.416580673413104563e+00 3.675484316892339010e+00
3.416580673413104563e+00 2.717269348227335346e+00
3.416580673413104563e+00 3.672763084152237401e+00
3.416580673413104563e+00 3.247564003040647407e+00
3.343627412951386102e+00 3.247564003040647407e+00
2.989442370623222267e+00 3.247564003040647407e+00
2.629470849715973557e+00 3.247564003040647407e+00
2.629470849715973557e+00 2.014407523072173856e+00
1.147143743059017673e+00 2.014407523072173856e+00
1.147143743059017673e+00 1.932411480512736368e+00
