3.127301461534731652e-01 2.183017292975064638e-01
3.207940321139987727e+00 2.995394269800633058e+00
4.541519031144876095e-01 3.720370759784057402e-01
3.151353599197034061e+00 3.402242559046234849e+00
1.131971575442620281e+00 1.144885721114879740e+00
3.503003803422485962e+00 3.530874941957502067e+00
4.889816359351074837e+00 4.914137576565049237e+00
2.741003969921189665e+00 2.815403134507017846e+00
3.368188756667186423e-01 3.369997987895914093e-01
3.739492547617095486e+00 3.963174131605796013e+00
2.730465091423809998e+00 2.683494168093405463e+00
4.430214379493257582e+00 4.435309203543264189e+00
2.923804417524798804e+00 3.053681288713486097e+00
1.525964939979791879e+00 1.193818087501701930e+00
4.105190018882343139e-02 4.984915291008651383e-02
3.439002728241862705e+00 3.319995385560641665e+00
1.868061565460950035e+00 1.903200925603669713e+00
3.866984259951517622e+00 3.646643918960661424e+00
9.658817213254572431e-01 9.135310515334444936e-01
2.814417049552134564e+00 2.572645316783792602e+00
1.777762219497155183e+00 1.556044810162553027e+00
2.858112334280890288e+00 3.020260015944668641e+00
4.386006867854865376e+00 4.548628347190422083e+00
3.380497610509022977e+00 3.116226923593155895e+00
4.359952769981500609e+00 4.498695461810806151e+00
2.485958506146386249e-01 3.527781345092610987e-01
2.692791532898113793e+00 2.914249330208738442e+00
4.348063585890393767e+00 4.412835496161840787e+00
2.973796593625411600e+00 3.056774857948185709e+00
4.531950054553155027e+00 4.485645903611811924e+00
1.786796264575051474e+00 1.796483130412440010e+00
3.754958362775309144e+00 3.483753641157857572e+00
2.903910106928908164e+00 2.890073506134080095e+00
1.769607218719977615e+00 1.405720582217551140e+00
3.400735512844299535e+00 3.130798170757151055e+00
2.211180309768990604e+00 1.950578914519369489e+00
3.074808365903003438e+00 3.019492995651881007e+00
1.972402414466948972e+00 1.470640409551763117e+00
1.678814053543847606e+00 2.778039236940631262e+00
2.933799563808321409e+00 2.778039236940631262e+00
1.687043465502380268e+00 2.778039236940631262e+00
1.687043465502380268e+00 1.400993144447318262e+00
3.579179003282360938e+00 3.041860738461101832e+00
4.099904725607429690e+00 3.942314265596813971e+00
3.390029844237713696e+00 3.027291754261293377e+00
1.841378229284148071e+00 3.291738107874457420e+00
1.841378229284148071e+00 1.161046927023335229e+00
5.492635467511393088e-01 1.161046927023335229e+00
2.222197021892284852e-01 -3.431342146685900651e-02
2.489565719522217613e+00 2.100989394894280604e+00
2.489565719522217613e+00 2.100989394894280604e+00
2.650469557183916525e+00 2.100989394894280604e+00
2.510570842789650037e+00 2.100989394894280604e+00
1.564110327010374002e+00 2.100989394894280604e+00
1.564110327010374002e+00 1.804044338628688404e+00
1.657192446331665181e+00 1.804044338628688404e+00
1.707436977496634256e+00 1.804044338628688404e+00
2.136216210000238647e+00 1.804044338628688404e+00
1.420613483595200233e+00 1.804044338628688404e+00
2.165536737311811066e+00 1.804044338628688404e+00
1.178336490586325169e+00 1.804044338628688404e+00
6.801183229890199744e-01 1.804044338628688404e+00
1.846000226915432973e+00 1.804044338628688404e+00
1.846000226915432973e+00 1.040011451447736768e+00
1.846000226915432973e+00 1.796147745132335771e+00
1.612513346708607909e+00 1.796147745132335771e+00
1.828931868629447788e+00 1.796147745132335771e+00
